#time,accel_x,accel_y,accel_z
885.556797,-10510.924376,-2072.576638,-919.314598
885.557118,-10436.903782,-1554.432478,-1225.752797
885.557438,-10214.842000,-740.205942,-1685.410096
885.557759,-9548.656652,-296.082377,-1149.143247
885.558080,-9770.718434,296.082377,-383.047749
885.558400,-9992.780217,444.123565,0.000000
885.558721,-9622.677246,0.000000,995.924147
885.559042,-9474.636058,-592.164754,842.705048
885.559362,-9030.512492,-1628.453072,1149.143247
885.559683,-9252.574275,-2220.617826,995.924147
885.560004,-9178.553681,-2368.659014,1455.581446
885.560324,-9178.553681,-2072.576638,689.485948
885.560645,-8956.491898,-1554.432478,612.876398
885.560966,-9400.615463,-1702.473667,383.047749
885.561286,-9992.780217,-740.205942,459.657299
885.561607,-10584.944971,-814.226536,919.314598
885.561928,-9548.656652,-222.061783,383.047749
885.562248,-9696.697840,-296.082377,689.485948
885.562569,-9992.780217,-74.020594,306.438199
885.562890,-9474.636058,-148.041188,383.047749
885.563210,-9474.636058,-370.102971,0.000000
885.563531,-8882.471304,-592.164754,-383.047749
885.563852,-8808.450710,-592.164754,-1225.752797
885.564172,-9178.553681,-888.247130,-1455.581446
885.564493,-9400.615463,-1110.308913,-1225.752797
885.564814,-9104.533087,-1924.535449,-1915.238745
885.565134,-9104.533087,-1850.514855,-2068.457845
885.565455,-9474.636058,-1998.556043,-2528.115143
885.565776,-9844.739029,-2220.617826,-2604.724693
885.566096,-10288.862594,-2368.659014,-2987.772442
885.566417,-9918.759623,-2368.659014,-3447.429741
885.566737,-9474.636058,-2368.659014,-3677.258390
885.567058,-9918.759623,-2516.700203,-3600.648841
885.567379,-8956.491898,-2442.679609,-3524.039291
885.567699,-9622.677246,-3108.864956,-3677.258390
885.568020,-9178.553681,-3552.988522,-3907.087040
885.568341,-8882.471304,-3997.112087,-3600.648841
885.568661,-9104.533087,-4367.215058,-2987.772442
885.568982,-9326.594869,-4515.256246,-2834.553343
885.569303,-8956.491898,-4737.318029,-3140.991542
885.569623,-8956.491898,-4737.318029,-3140.991542
885.569944,-9104.533087,-4885.359217,-3753.867940
885.570265,-9030.512492,-4811.338623,-3830.477490
885.570585,-9030.512492,-5107.421000,-4519.963438
885.570906,-8956.491898,-4885.359217,-5132.839837
885.571227,-9326.594869,-4737.318029,-4903.011187
885.571547,-10066.800811,-3775.050304,-3677.258390
885.571868,-9918.759623,-3997.112087,-2834.553343
885.572189,-10140.821405,-3997.112087,-1838.629195
885.572509,-10140.821405,-4145.153275,-1532.190996
885.572830,-9918.759623,-4145.153275,-919.314598
885.573151,-9770.718434,-4219.173869,-229.828649
885.573471,-9548.656652,-4145.153275,153.219100
885.573792,-9178.553681,-4589.276840,229.828649
885.574113,-8586.388927,-4367.215058,766.095498
885.574433,-9696.697840,-4959.379811,0.000000
885.574754,-9178.553681,-4071.132681,1378.971896
885.575075,-10436.903782,-4145.153275,2068.457845
885.575395,-10436.903782,-3627.009116,2451.505594
885.575716,-10658.965565,-4737.318029,1685.410096
885.576037,-10732.986159,-4441.235652,1915.238745
885.576357,-10288.862594,-4589.276840,995.924147
885.576678,-9696.697840,-5033.400406,-153.219100
885.576999,-9696.697840,-4293.194464,-459.657299
885.577319,-9474.636058,-3997.112087,-766.095498
885.577640,-9844.739029,-3849.070898,-536.266849
885.577961,-9992.780217,-3923.091493,-459.657299
885.578281,-9474.636058,-3627.009116,-612.876398
885.578602,-9992.780217,-3849.070898,0.000000
885.578922,-9918.759623,-3404.947333,0.000000
885.579243,-9474.636058,-2442.679609,383.047749
885.579564,-9696.697840,-1924.535449,766.095498
885.579884,-9104.533087,-666.185348,1532.190996
885.580205,-9474.636058,-1258.350101,689.485948
885.580526,-9548.656652,-1480.411884,-76.609550
885.580847,-9252.574275,-1258.350101,-1685.410096
885.581167,-8956.491898,-518.144159,-2528.115143
885.581488,-8956.491898,0.000000,-3217.601092
885.581809,-9104.533087,296.082377,-3830.477490
885.582129,-9178.553681,0.000000,-3753.867940
885.582450,-9622.677246,-666.185348,-4136.915689
885.582771,-10066.800811,-1184.329507,-4213.525239
885.583091,-10066.800811,-1110.308913,-2987.772442
885.583412,-10140.821405,0.000000,-1378.971896
885.583733,-10658.965565,222.061783,306.438199
885.584053,-10584.944971,-222.061783,0.000000
885.584374,-10288.862594,-296.082377,0.000000
885.584695,-9400.615463,-74.020594,-995.924147
885.585015,-8808.450710,-444.123565,-1838.629195
885.585336,-8216.285956,-148.041188,-2451.505594
885.585657,-7920.203579,-444.123565,-2834.553343
885.585978,-7994.224174,-296.082377,-3600.648841
885.586298,-8882.471304,-1702.473667,-3907.087040
885.586619,-9104.533087,-1702.473667,-3370.820191
885.586940,-10436.903782,-1332.370696,-1378.971896
885.587260,-11473.192101,-148.041188,153.219100
885.587581,-11473.192101,0.000000,1608.800546
885.587902,-11843.295072,-148.041188,2145.067394
885.588222,-9622.677246,-962.267725,2834.553343
885.588543,-10140.821405,-74.020594,1378.971896
885.588864,-9844.739029,148.041188,2145.067394
885.589184,-8734.430116,370.102971,1378.971896
885.589505,-8438.347739,-444.123565,0.000000
885.589826,-7254.018232,-222.061783,-383.047749
885.590146,-8142.265362,-296.082377,-153.219100
885.590467,-8586.388927,148.041188,1378.971896
885.590788,-11103.089130,222.061783,3294.210641
885.591109,-11695.253884,-296.082377,3447.429741
885.591429,-11399.171507,-2072.576638,2604.724693
885.591750,-11621.233289,-2368.659014,1762.019645
885.592071,-11325.150913,-1554.432478,2451.505594
885.592391,-10658.965565,-1776.494261,2221.676944
885.592712,-9474.636058,-3256.906145,459.657299
885.593033,-7698.141797,-3404.947333,-1915.238745
885.593353,-7772.162391,-2738.761985,-1685.410096
885.593674,-7772.162391,-962.267725,1455.581446
885.593995,-9844.739029,-2590.720797,1915.238745
885.594315,-7624.121203,-1998.556043,1915.238745
885.594636,-8290.306550,-2220.617826,459.657299
885.594957,-8438.347739,-518.144159,1455.581446
885.595277,-9326.594869,-1776.494261,2681.334243
885.595598,-10214.842000,-1702.473667,3370.820191
885.595919,-8882.471304,-2516.700203,612.876398
885.596240,-8956.491898,-2368.659014,-1378.971896
885.596560,-8364.327145,222.061783,0.000000
885.596881,-9918.759623,-148.041188,842.705048
885.597202,-10584.944971,0.000000,1378.971896
885.597522,-9474.636058,-1110.308913,-153.219100
885.597843,-8290.306550,-1850.514855,-1991.848295
885.598164,-9474.636058,-1628.453072,-1225.752797
885.598484,-10066.800811,-592.164754,689.485948
885.598805,-9548.656652,-148.041188,459.657299
885.599126,-9474.636058,148.041188,-766.095498
885.599446,-9178.553681,888.247130,-766.095498
885.599767,-9622.677246,1480.411884,612.876398
885.600088,-10658.965565,666.185348,2221.676944
885.600409,-10807.006753,-592.164754,1455.581446
885.600729,-9030.512492,-1332.370696,459.657299
885.601050,-9474.636058,-444.123565,-536.266849
885.601371,-9992.780217,-518.144159,919.314598
885.601691,-10214.842000,-1332.370696,919.314598
885.602012,-10140.821405,-1406.391290,153.219100
885.602333,-8956.491898,0.000000,-995.924147
885.602653,-9770.718434,888.247130,612.876398
885.602974,-10955.047942,888.247130,3294.210641
885.603295,-11029.068536,296.082377,3677.258390
885.603615,-10066.800811,-222.061783,3140.991542
885.603936,-8808.450710,592.164754,1608.800546
885.604257,-9326.594869,592.164754,2451.505594
885.604577,-9770.718434,0.000000,3447.429741
885.604898,-9918.759623,0.000000,2604.724693
885.605219,-8290.306550,222.061783,536.266849
885.605540,-8660.409521,444.123565,536.266849
885.605860,-9326.594869,888.247130,2221.676944
885.606181,-10288.862594,592.164754,3983.696590
885.606502,-10436.903782,-888.247130,2528.115143
885.606822,-9252.574275,-296.082377,1455.581446
885.607143,-8734.430116,518.144159,1225.752797
885.607464,-9992.780217,222.061783,1915.238745
885.607784,-8956.491898,148.041188,1762.019645
885.608105,-9474.636058,444.123565,229.828649
885.608426,-9030.512492,1924.535449,153.219100
885.608746,-9548.656652,2072.576638,1532.190996
885.609067,-9696.697840,518.144159,5056.230287
885.609388,-11103.089130,-888.247130,2987.772442
885.609708,-9622.677246,-740.205942,1225.752797
885.610029,-9326.594869,-518.144159,689.485948
885.610350,-9474.636058,-148.041188,995.924147
885.610671,-9474.636058,-444.123565,1072.533697
885.610991,-9474.636058,-592.164754,0.000000
885.611312,-8512.368333,-888.247130,-1915.238745
885.611633,-8216.285956,296.082377,-1915.238745
885.611953,-10288.862594,74.020594,459.657299
885.612274,-10807.006753,148.041188,1378.971896
885.612595,-10510.924376,-518.144159,689.485948
885.612915,-9770.718434,444.123565,842.705048
885.613236,-10362.883188,444.123565,-383.047749
885.613557,-10288.862594,-296.082377,2681.334243
885.613877,-10214.842000,-1184.329507,2374.896044
885.614198,-8956.491898,-1036.288319,459.657299
885.614519,-8660.409521,814.226536,0.000000
885.614839,-8956.491898,592.164754,1685.410096
885.615160,-9474.636058,-296.082377,1915.238745
885.615481,-9548.656652,-1184.329507,919.314598
885.615802,-8586.388927,-1480.411884,-612.876398
885.616122,-8512.368333,-296.082377,76.609550
885.616443,-9844.739029,-296.082377,1685.410096
885.616764,-10436.903782,-1480.411884,2068.457845
885.617084,-9622.677246,-1776.494261,536.266849
885.617405,-9326.594869,-888.247130,153.219100
885.617726,-9178.553681,148.041188,306.438199
885.618046,-9918.759623,0.000000,1838.629195
885.618367,-10288.862594,-814.226536,2757.943793
885.618688,-8956.491898,-1776.494261,919.314598
885.619008,-8290.306550,-1924.535449,153.219100
885.619329,-9252.574275,-1924.535449,1838.629195
885.619650,-9696.697840,-1998.556043,2681.334243
885.619970,-9992.780217,-2072.576638,1915.238745
885.620291,-9474.636058,-1036.288319,995.924147
885.620612,-9030.512492,518.144159,153.219100
885.620933,-10881.027347,518.144159,2451.505594
885.621253,-11177.109724,-1110.308913,2987.772442
885.621574,-10214.842000,-2960.823768,536.266849
885.621895,-9326.594869,-2442.679609,-383.047749
885.622215,-8882.471304,-1702.473667,-229.828649
885.622536,-9252.574275,-814.226536,1072.533697
885.622857,-10140.821405,-1110.308913,1532.190996
885.623177,-9252.574275,-1036.288319,-229.828649
885.623498,-8808.450710,0.000000,-1072.533697
885.623819,-10066.800811,740.205942,1302.362347
885.624139,-11103.089130,0.000000,2987.772442
885.624460,-10955.047942,-1110.308913,3064.381992
885.624781,-9844.739029,-1480.411884,1072.533697
885.625102,-8808.450710,-370.102971,536.266849
885.625422,-9622.677246,-444.123565,1455.581446
885.625743,-9622.677246,-592.164754,1149.143247
885.626064,-9252.574275,-370.102971,0.000000
885.626384,-8808.450710,296.082377,-1608.800546
885.626705,-9252.574275,1628.453072,0.000000
885.627026,-10658.965565,1036.288319,2374.896044
885.627346,-11177.109724,-1110.308913,2451.505594
885.627667,-9548.656652,-1776.494261,766.095498
885.627988,-8882.471304,-666.185348,-306.438199
885.628308,-9400.615463,518.144159,766.095498
885.628629,-10066.800811,1036.288319,2374.896044
885.628950,-9770.718434,74.020594,1225.752797
885.629270,-9178.553681,0.000000,-383.047749
885.629591,-8734.430116,1110.308913,-766.095498
885.629912,-9178.553681,296.082377,2757.943793
885.630233,-10658.965565,0.000000,3217.601092
885.630553,-10214.842000,-592.164754,2221.676944
885.630874,-9400.615463,-296.082377,153.219100
885.631195,-8660.409521,962.267725,459.657299
885.631515,-9844.739029,370.102971,1455.581446
885.631836,-9474.636058,-370.102971,1685.410096
885.632157,-8734.430116,-518.144159,-153.219100
885.632477,-8586.388927,518.144159,-766.095498
885.632798,-10140.821405,2812.782580,995.924147
885.633119,-10955.047942,2072.576638,3447.429741
885.633439,-10807.006753,148.041188,3064.381992
885.633760,-9474.636058,-814.226536,842.705048
885.634081,-8956.491898,0.000000,0.000000
885.634401,-9548.656652,0.000000,1072.533697
885.634722,-9622.677246,-518.144159,1991.848295
885.635043,-9474.636058,-740.205942,995.924147
885.635364,-8512.368333,-296.082377,-1302.362347
885.635684,-9104.533087,814.226536,-766.095498
885.636005,-10214.842000,1110.308913,2528.115143
885.636326,-11177.109724,-370.102971,3830.477490
885.636646,-10510.924376,-1924.535449,2221.676944
885.636967,-9326.594869,-1332.370696,689.485948
885.637288,-8956.491898,-74.020594,689.485948
885.637608,-9844.739029,148.041188,2528.115143
885.637929,-10140.821405,-296.082377,2604.724693
885.638250,-9326.594869,-1184.329507,153.219100
885.638570,-8438.347739,-666.185348,-383.047749
885.638891,-9770.718434,-148.041188,1608.800546
885.639212,-11029.068536,-962.267725,3064.381992
885.639532,-10362.883188,-1628.453072,2451.505594
885.639853,-8734.430116,-1036.288319,689.485948
885.640174,-8660.409521,-1036.288319,153.219100
885.640495,-8956.491898,-814.226536,1072.533697
885.640815,-9474.636058,-2294.638420,995.924147
885.641136,-9252.574275,-1924.535449,-153.219100
885.641457,-8438.347739,-518.144159,-1302.362347
885.641777,-9696.697840,592.164754,459.657299
885.642098,-10584.944971,740.205942,1991.848295
885.642419,-10362.883188,-222.061783,1915.238745
885.642739,-9622.677246,-1036.288319,689.485948
885.643060,-8808.450710,-962.267725,-383.047749
885.643381,-8956.491898,-370.102971,0.000000
885.643701,-9622.677246,-1258.350101,612.876398
885.644022,-8660.409521,-814.226536,0.000000
885.644343,-8586.388927,-518.144159,-1302.362347
885.644663,-9178.553681,1184.329507,-229.828649
885.644984,-10436.903782,1332.370696,2221.676944
885.645305,-11917.315666,-370.102971,3830.477490
885.645626,-10584.944971,-1850.514855,2298.286494
885.645946,-9770.718434,-2368.659014,689.485948
885.646267,-9622.677246,-1184.329507,689.485948
885.646588,-9030.512492,-1036.288319,1608.800546
885.646908,-9622.677246,-888.247130,1149.143247
885.647229,-8586.388927,-1480.411884,-536.266849
885.647550,-8364.327145,74.020594,-1225.752797
885.647870,-10140.821405,962.267725,1149.143247
885.648191,-10732.986159,0.000000,3140.991542
885.648512,-10288.862594,-1110.308913,2911.162892
885.648832,-9548.656652,-1406.391290,1225.752797
885.649153,-9178.553681,0.000000,919.314598
885.649474,-9844.739029,296.082377,2528.115143
885.649795,-9622.677246,-814.226536,2451.505594
885.650115,-9104.533087,-740.205942,306.438199
885.650436,-9030.512492,222.061783,-383.047749
885.650757,-8734.430116,518.144159,153.219100
885.651077,-10658.965565,1184.329507,2298.286494
885.651398,-10436.903782,444.123565,2911.162892
885.651719,-10066.800811,-888.247130,1762.019645
885.652039,-9030.512492,-444.123565,919.314598
885.652360,-9326.594869,-444.123565,1072.533697
885.652681,-10066.800811,-814.226536,2068.457845
885.653001,-9844.739029,-1184.329507,1302.362347
885.653322,-8956.491898,-666.185348,-383.047749
885.653643,-9252.574275,444.123565,-229.828649
885.653963,-9474.636058,1554.432478,1532.190996
885.654284,-10955.047942,444.123565,3370.820191
885.654605,-10140.821405,-1036.288319,2451.505594
885.654926,-9326.594869,-1628.453072,1149.143247
885.655246,-9622.677246,-444.123565,1149.143247
885.655567,-9400.615463,-296.082377,1991.848295
885.655888,-9992.780217,-222.061783,1991.848295
885.656208,-9474.636058,-296.082377,0.000000
885.656529,-8882.471304,1110.308913,-919.314598
885.656850,-9622.677246,1628.453072,153.219100
885.657170,-10881.027347,888.247130,2911.162892
885.657491,-10510.924376,-1480.411884,2145.067394
885.657812,-9548.656652,-2146.597232,0.000000
885.658132,-9104.533087,-1406.391290,-612.876398
885.658453,-9326.594869,-370.102971,1149.143247
885.658774,-10066.800811,-814.226536,1915.238745
885.659094,-9548.656652,-370.102971,153.219100
885.659415,-8808.450710,-888.247130,-1762.019645
885.659736,-9178.553681,518.144159,-689.485948
885.660057,-10066.800811,518.144159,1225.752797
885.660377,-9992.780217,-222.061783,1225.752797
885.660698,-9696.697840,-1628.453072,1378.971896
885.661019,-8956.491898,-1184.329507,0.000000
885.661339,-9178.553681,0.000000,1225.752797
885.661660,-10214.842000,148.041188,2451.505594
885.661981,-9844.739029,-222.061783,2681.334243
885.662301,-9474.636058,-222.061783,229.828649
885.662622,-9400.615463,1332.370696,153.219100
885.662943,-9844.739029,1776.494261,1838.629195
885.663263,-10658.965565,740.205942,2374.896044
885.663584,-10066.800811,-1184.329507,2145.067394
885.663905,-8956.491898,-1480.411884,-919.314598
885.664225,-8216.285956,0.000000,-306.438199
885.664546,-9326.594869,-1850.514855,1149.143247
885.664867,-9622.677246,-592.164754,1685.410096
885.665188,-9622.677246,-1776.494261,-383.047749
885.665508,-8956.491898,-1036.288319,-1072.533697
885.665829,-9548.656652,222.061783,536.266849
885.666150,-11029.068536,0.000000,2528.115143
885.666470,-10584.944971,-666.185348,3217.601092
885.666791,-9844.739029,-1554.432478,1532.190996
885.667112,-8734.430116,-1184.329507,0.000000
885.667432,-8512.368333,-296.082377,1685.410096
885.667753,-9992.780217,-666.185348,2451.505594
885.668074,-9326.594869,-592.164754,1532.190996
885.668394,-9252.574275,148.041188,76.609550
885.668715,-8660.409521,888.247130,689.485948
885.669036,-10066.800811,74.020594,2451.505594
885.669356,-10066.800811,-518.144159,3370.820191
885.669677,-9696.697840,-2664.741391,1072.533697
885.669998,-9030.512492,-1702.473667,-229.828649
885.670319,-8734.430116,-518.144159,0.000000
885.670639,-9474.636058,148.041188,1455.581446
885.670960,-10066.800811,296.082377,1532.190996
885.671281,-9622.677246,0.000000,459.657299
885.671601,-9474.636058,222.061783,-612.876398
885.671922,-10140.821405,740.205942,919.314598
885.672243,-10955.047942,222.061783,3447.429741
885.672563,-10955.047942,-888.247130,3294.210641
885.672884,-9400.615463,-1036.288319,2604.724693
885.673205,-8512.368333,-518.144159,689.485948
885.673525,-9030.512492,0.000000,1302.362347
885.673846,-9474.636058,-666.185348,1915.238745
885.674167,-9252.574275,-888.247130,229.828649
885.674488,-8512.368333,-222.061783,-612.876398
885.674808,-9474.636058,1258.350101,0.000000
885.675129,-11177.109724,1406.391290,2681.334243
885.675450,-11843.295072,-74.020594,3524.039291
885.675770,-10955.047942,-1702.473667,1302.362347
885.676091,-9474.636058,-1628.453072,0.000000
885.676412,-9548.656652,-666.185348,229.828649
885.676732,-9696.697840,-148.041188,1149.143247
885.677053,-9474.636058,-1184.329507,-76.609550
885.677374,-7254.018232,-1110.308913,-2068.457845
885.677694,-8068.244768,518.144159,-2298.286494
885.678015,-9696.697840,2072.576638,459.657299
885.678336,-10584.944971,444.123565,2528.115143
885.678656,-10214.842000,-888.247130,2681.334243
885.678977,-9770.718434,-740.205942,1532.190996
885.679298,-9178.553681,-518.144159,842.705048
885.679618,-10140.821405,-296.082377,2604.724693
885.679939,-9696.697840,-666.185348,2298.286494
885.680260,-9400.615463,-1110.308913,383.047749
885.680580,-7994.224174,-222.061783,-919.314598
885.680901,-8660.409521,814.226536,0.000000
885.681222,-10584.944971,222.061783,2374.896044
885.681542,-10436.903782,-1406.391290,2604.724693
885.681863,-9252.574275,-2072.576638,689.485948
885.682184,-9104.533087,-1258.350101,229.828649
885.682504,-9474.636058,-444.123565,842.705048
885.682825,-9770.718434,-1036.288319,2374.896044
885.683146,-9622.677246,-1702.473667,1225.752797
885.683466,-8882.471304,-740.205942,-1149.143247
885.683787,-9474.636058,962.267725,-459.657299
885.684108,-10214.842000,2516.700203,2757.943793
885.684428,-11177.109724,518.144159,3370.820191
885.684749,-10066.800811,-592.164754,2221.676944
885.685070,-9474.636058,-962.267725,153.219100
885.685390,-8734.430116,-148.041188,766.095498
885.685711,-9770.718434,-518.144159,1838.629195
885.686032,-9696.697840,-1628.453072,1455.581446
885.686352,-8808.450710,-1332.370696,-153.219100
885.686673,-8734.430116,0.000000,-306.438199
885.686994,-9992.780217,1480.411884,1378.971896
885.687314,-11029.068536,518.144159,2911.162892
885.687635,-10807.006753,-962.267725,2451.505594
885.687956,-9622.677246,-1850.514855,229.828649
885.688276,-7624.121203,-1776.494261,612.876398
885.688597,-9474.636058,-592.164754,1302.362347
885.688918,-9770.718434,-518.144159,1762.019645
885.689238,-9252.574275,-666.185348,689.485948
885.689559,-8734.430116,-148.041188,-995.924147
885.689880,-8660.409521,1258.350101,0.000000
885.690200,-10732.986159,1036.288319,2757.943793
885.690521,-10436.903782,-1184.329507,2834.553343
885.690842,-9474.636058,-2220.617826,995.924147
885.691162,-8956.491898,-888.247130,-612.876398
885.691483,-8734.430116,444.123565,919.314598
885.691804,-9992.780217,296.082377,2834.553343
885.692124,-9474.636058,74.020594,2221.676944
885.692445,-9400.615463,518.144159,-1378.971896
885.692766,-8586.388927,1406.391290,0.000000
885.693086,-10362.883188,1554.432478,2298.286494
885.693407,-10955.047942,666.185348,3830.477490
885.693728,-10436.903782,-1110.308913,2374.896044
885.694048,-8438.347739,-740.205942,306.438199
885.694369,-8660.409521,-148.041188,0.000000
885.694690,-9474.636058,-148.041188,1149.143247
885.695010,-10066.800811,-518.144159,1302.362347
885.695331,-8808.450710,370.102971,-612.876398
885.695652,-8882.471304,148.041188,-1149.143247
885.695972,-9992.780217,1332.370696,689.485948
885.696293,-11473.192101,592.164754,2834.553343
885.696614,-11103.089130,296.082377,2834.553343
885.696934,-11325.150913,-2886.803174,1915.238745
885.697255,-7772.162391,-1184.329507,-383.047749
885.697576,-9770.718434,-592.164754,383.047749
885.697896,-10658.965565,148.041188,2068.457845
885.698217,-8734.430116,-518.144159,1072.533697
885.698538,-8882.471304,-666.185348,-689.485948
885.698858,-9474.636058,1036.288319,0.000000
885.699179,-9918.759623,740.205942,1378.971896
885.699500,-12879.583391,296.082377,5592.497135
885.699820,-9474.636058,-1776.494261,1608.800546
885.700141,-9548.656652,-1332.370696,0.000000
885.700462,-8882.471304,-666.185348,229.828649
885.700782,-8882.471304,-370.102971,536.266849
885.701103,-9770.718434,-888.247130,459.657299
885.701424,-9696.697840,-370.102971,0.000000
885.701744,-8142.265362,666.185348,-1455.581446
885.702065,-9918.759623,1036.288319,306.438199
885.702386,-11325.150913,0.000000,2987.772442
885.702706,-9844.739029,-888.247130,2145.067394
885.703027,-9400.615463,-2516.700203,1072.533697
885.703348,-8438.347739,-1702.473667,153.219100
885.703668,-9030.512492,-370.102971,2451.505594
885.703989,-9474.636058,-1924.535449,1685.410096
885.704310,-8956.491898,-888.247130,1225.752797
885.704630,-8734.430116,518.144159,766.095498
885.704951,-9622.677246,740.205942,2298.286494
885.705272,-10584.944971,296.082377,3983.696590
885.705592,-10436.903782,-1850.514855,3370.820191
885.705913,-9770.718434,-2664.741391,1225.752797
885.706234,-8216.285956,-666.185348,153.219100
885.706554,-7772.162391,74.020594,153.219100
885.706875,-9178.553681,444.123565,1072.533697
885.707196,-8882.471304,-370.102971,153.219100
885.707516,-8660.409521,-1036.288319,-1455.581446
885.707837,-9548.656652,-592.164754,-1762.019645
885.708158,-10140.821405,296.082377,1378.971896
885.708478,-11473.192101,-222.061783,3370.820191
885.708799,-10955.047942,-592.164754,2374.896044
885.709120,-9474.636058,-518.144159,612.876398
885.709440,-9104.533087,0.000000,689.485948
885.709761,-9474.636058,-148.041188,1072.533697
885.710082,-9474.636058,-518.144159,306.438199
885.710402,-8956.491898,-666.185348,-842.705048
885.710723,-8438.347739,592.164754,-919.314598
885.711044,-9770.718434,1924.535449,1378.971896
885.711364,-11177.109724,518.144159,3217.601092
885.711685,-11325.150913,-962.267725,3064.381992
885.712006,-11103.089130,0.000000,1685.410096
885.712326,-10436.903782,-1184.329507,1149.143247
885.712647,-9918.759623,0.000000,2298.286494
885.712968,-9992.780217,-666.185348,2068.457845
885.713288,-9178.553681,-740.205942,-229.828649
885.713609,-8364.327145,0.000000,-2068.457845
885.713930,-8586.388927,1036.288319,-995.924147
885.714250,-10288.862594,814.226536,1685.410096
885.714571,-10214.842000,-1036.288319,2451.505594
885.714892,-9622.677246,-2294.638420,2068.457845
885.715212,-9474.636058,-2220.617826,689.485948
885.715533,-8956.491898,-1406.391290,1225.752797
885.715854,-9326.594869,-1406.391290,2145.067394
885.716174,-8290.306550,-2072.576638,3830.477490
885.716495,-8512.368333,-814.226536,0.000000
885.716816,-8660.409521,814.226536,0.000000
885.717136,-9622.677246,1184.329507,1455.581446
885.717457,-10436.903782,222.061783,2911.162892
885.717778,-10140.821405,-666.185348,1378.971896
885.718098,-9178.553681,-444.123565,153.219100
885.718419,-8364.327145,74.020594,0.000000
885.718740,-9548.656652,296.082377,1685.410096
885.719060,-9030.512492,0.000000,1302.362347
885.719381,-9696.697840,-444.123565,0.000000
885.719702,-9474.636058,0.000000,-842.705048
885.720022,-9400.615463,1406.391290,153.219100
885.720343,-11103.089130,1480.411884,2681.334243
885.720664,-10288.862594,222.061783,2681.334243
885.720984,-10510.924376,-592.164754,1608.800546
885.721305,-9326.594869,-296.082377,919.314598
885.721626,-9844.739029,0.000000,1532.190996
885.721946,-10066.800811,-148.041188,2528.115143
885.722267,-9770.718434,-888.247130,1072.533697
885.722588,-9030.512492,148.041188,-229.828649
885.722908,-9030.512492,2220.617826,459.657299
885.723229,-9844.739029,2220.617826,3370.820191
885.723550,-10510.924376,0.000000,2757.943793
885.723870,-10214.842000,-1554.432478,1378.971896
885.724191,-8882.471304,-1480.411884,-306.438199
885.724512,-8956.491898,0.000000,612.876398
885.724832,-10214.842000,148.041188,1915.238745
885.725153,-10066.800811,0.000000,1149.143247
885.725474,-9622.677246,-296.082377,-689.485948
885.725794,-8882.471304,444.123565,-612.876398
885.726115,-9918.759623,370.102971,1762.019645
885.726436,-10807.006753,-1036.288319,2604.724693
885.726756,-10066.800811,-1554.432478,1915.238745
885.727077,-8882.471304,-1850.514855,153.219100
885.727398,-8364.327145,-592.164754,383.047749
885.727718,-9030.512492,-592.164754,1225.752797
885.728039,-9252.574275,-888.247130,1685.410096
885.728360,-9030.512492,-1258.350101,76.609550
885.728680,-8586.388927,0.000000,-459.657299
885.729001,-9474.636058,888.247130,995.924147
885.729322,-10881.027347,814.226536,3140.991542
885.729642,-10955.047942,-888.247130,3140.991542
885.729963,-9252.574275,-1924.535449,995.924147
885.730284,-8512.368333,-1850.514855,-536.266849
885.730604,-8734.430116,-814.226536,383.047749
885.730925,-9474.636058,-666.185348,1532.190996
885.731246,-9030.512492,-962.267725,1072.533697
885.731566,-8660.409521,-1332.370696,-612.876398
885.731887,-9030.512492,-148.041188,-383.047749
885.732208,-10955.047942,0.000000,2221.676944
885.732528,-11177.109724,-814.226536,3370.820191
885.732849,-10955.047942,-1554.432478,2911.162892
885.733170,-9844.739029,-592.164754,1838.629195
885.733490,-9474.636058,-222.061783,1378.971896
885.733811,-10584.944971,0.000000,2604.724693
885.734132,-10362.883188,-592.164754,2451.505594
885.734452,-9622.677246,-666.185348,76.609550
885.734773,-9252.574275,740.205942,-842.705048
885.735094,-9252.574275,1036.288319,0.000000
885.735414,-10362.883188,296.082377,2374.896044
885.735735,-10288.862594,-370.102971,1915.238745
885.736056,-9178.553681,-1184.329507,-76.609550
885.736376,-8660.409521,518.144159,-153.219100
885.736697,-9622.677246,666.185348,1685.410096
885.737018,-10214.842000,-592.164754,2604.724693
885.737338,-9622.677246,-592.164754,2451.505594
885.737659,-9252.574275,-1406.391290,-842.705048
885.737980,-8586.388927,148.041188,-153.219100
885.738300,-10288.862594,370.102971,1838.629195
885.738621,-10436.903782,0.000000,2834.553343
885.738942,-9474.636058,-1406.391290,1225.752797
885.739262,-8586.388927,-962.267725,-383.047749
885.739583,-8882.471304,-740.205942,76.609550
885.739904,-9548.656652,-962.267725,1302.362347
885.740224,-9622.677246,-1406.391290,995.924147
885.740545,-9178.553681,-592.164754,-153.219100
885.740866,-8586.388927,740.205942,-459.657299
885.741186,-9474.636058,1480.411884,1149.143247
885.741507,-11325.150913,888.247130,2145.067394
885.741828,-10362.883188,-148.041188,1838.629195
885.742148,-9252.574275,-444.123565,-229.828649
885.742469,-8956.491898,0.000000,-229.828649
885.742790,-8956.491898,0.000000,919.314598
885.743110,-9548.656652,-296.082377,1072.533697
885.743431,-9548.656652,-740.205942,0.000000
885.743752,-8956.491898,-148.041188,-689.485948
885.744072,-9696.697840,222.061783,153.219100
885.744393,-10214.842000,0.000000,1225.752797
885.744714,-10732.986159,-1406.391290,2221.676944
885.745034,-9770.718434,-1998.556043,1455.581446
885.745355,-9104.533087,-814.226536,612.876398
885.745676,-9178.553681,0.000000,1532.190996
885.745996,-9992.780217,-370.102971,1838.629195
885.746317,-9030.512492,-1184.329507,842.705048
885.746638,-8586.388927,-444.123565,-383.047749
885.746958,-9104.533087,814.226536,459.657299
885.747279,-10436.903782,1184.329507,2757.943793
885.747600,-10955.047942,-444.123565,3830.477490
885.747920,-10066.800811,-1628.453072,2221.676944
885.748241,-9178.553681,-1184.329507,919.314598
885.748562,-9474.636058,222.061783,1149.143247
885.748882,-9770.718434,222.061783,2298.286494
885.749203,-9474.636058,0.000000,1685.410096
885.749524,-9030.512492,-592.164754,-229.828649
885.749844,-9030.512492,0.000000,-383.047749
885.750165,-9770.718434,592.164754,1225.752797
885.750486,-11103.089130,74.020594,2604.724693
885.750806,-10436.903782,-296.082377,2528.115143
885.751127,-9622.677246,-444.123565,1149.143247
885.751448,-9622.677246,148.041188,306.438199
885.751768,-9252.574275,518.144159,1532.190996
885.752089,-9474.636058,-518.144159,1838.629195
885.752410,-9178.553681,-444.123565,689.485948
885.752730,-8734.430116,-518.144159,-1225.752797
885.753051,-9178.553681,1332.370696,842.705048
885.753372,-10584.944971,1406.391290,2681.334243
885.753692,-10362.883188,444.123565,2911.162892
885.754013,-9918.759623,-1406.391290,229.828649
885.754334,-8586.388927,-814.226536,229.828649
885.754654,-9326.594869,148.041188,383.047749
885.754975,-9770.718434,-74.020594,1762.019645
885.755296,-9918.759623,-1480.411884,1532.190996
885.755616,-9474.636058,-1184.329507,0.000000
885.755937,-8586.388927,148.041188,-842.705048
885.756258,-10066.800811,222.061783,459.657299
885.756578,-9992.780217,0.000000,2834.553343
885.756899,-9770.718434,-1110.308913,2911.162892
885.757220,-9252.574275,-1184.329507,76.609550
885.757540,-9104.533087,0.000000,536.266849
885.757861,-9770.718434,148.041188,1838.629195
885.758182,-9622.677246,-370.102971,2374.896044
885.758502,-9400.615463,-1258.350101,0.000000
885.758823,-9030.512492,-518.144159,-1072.533697
885.759144,-9696.697840,74.020594,689.485948
885.759464,-10584.944971,296.082377,2681.334243
885.759785,-10955.047942,-814.226536,2604.724693
885.760106,-10140.821405,-814.226536,995.924147
885.760426,-9252.574275,370.102971,229.828649
885.760747,-9622.677246,74.020594,1149.143247
885.761068,-8956.491898,-740.205942,919.314598
885.761388,-9622.677246,-1480.411884,612.876398
885.761709,-8586.388927,-666.185348,-1302.362347
885.762030,-8512.368333,370.102971,-1072.533697
885.762350,-9844.739029,1998.556043,612.876398
885.762671,-10510.924376,444.123565,2834.553343
885.762992,-9992.780217,-1480.411884,2068.457845
885.763312,-9178.553681,-1998.556043,536.266849
885.763633,-8734.430116,-740.205942,995.924147
885.763954,-10066.800811,-1184.329507,1915.238745
885.764274,-10288.862594,-888.247130,2757.943793
885.764595,-8734.430116,-740.205942,536.266849
885.764916,-9030.512492,888.247130,0.000000
885.765236,-8734.430116,1924.535449,1455.581446
885.765557,-10732.986159,370.102971,3447.429741
885.765878,-10584.944971,-1924.535449,2987.772442
885.766198,-9030.512492,-2146.597232,229.828649
885.766519,-8586.388927,-740.205942,1302.362347
885.766840,-9326.594869,-666.185348,1915.238745
885.767160,-9992.780217,-740.205942,1991.848295
885.767481,-9622.677246,-370.102971,1149.143247
885.767802,-9104.533087,370.102971,-229.828649
885.768122,-9622.677246,1406.391290,383.047749
885.768443,-10807.006753,814.226536,2451.505594
885.768764,-10510.924376,-888.247130,2834.553343
885.769084,-9474.636058,-1702.473667,1532.190996
885.769405,-9178.553681,-592.164754,76.609550
885.769726,-8808.450710,0.000000,842.705048
885.770046,-9474.636058,-74.020594,1608.800546
885.770367,-9326.594869,-1036.288319,536.266849
885.770688,-8660.409521,-296.082377,-536.266849
885.771008,-9104.533087,148.041188,-689.485948
885.771329,-10436.903782,666.185348,1915.238745
885.771649,-11029.068536,-814.226536,3140.991542
885.771970,-10510.924376,-2294.638420,1915.238745
885.772291,-9104.533087,-1924.535449,0.000000
885.772611,-9178.553681,-1110.308913,0.000000
885.772932,-9622.677246,-592.164754,1072.533697
885.773253,-9548.656652,-888.247130,1149.143247
885.773573,-9474.636058,-1184.329507,-1608.800546
885.773894,-8882.471304,148.041188,-1378.971896
885.774215,-9696.697840,814.226536,0.000000
885.774535,-10881.027347,518.144159,2451.505594
885.774856,-10658.965565,-666.185348,1991.848295
885.775177,-9474.636058,-1702.473667,459.657299
885.775497,-8438.347739,-814.226536,-842.705048
885.775818,-8586.388927,0.000000,-459.657299
885.776139,-9326.594869,296.082377,1149.143247
885.776459,-9474.636058,-148.041188,0.000000
885.776780,-9030.512492,370.102971,-919.314598
885.777101,-9474.636058,1184.329507,0.000000
885.777421,-10955.047942,1628.453072,2834.553343
885.777742,-11991.336260,-518.144159,3294.210641
885.778063,-10955.047942,-1480.411884,2757.943793
885.778383,-9622.677246,-1332.370696,919.314598
885.778704,-9104.533087,-148.041188,766.095498
885.779025,-9178.553681,0.000000,2451.505594
885.779346,-9474.636058,-814.226536,1685.410096
885.779666,-8512.368333,-740.205942,-536.266849
885.779987,-8364.327145,666.185348,-306.438199
885.780308,-9252.574275,888.247130,1685.410096
885.780629,-10214.842000,370.102971,3217.601092
885.780950,-11103.089130,-518.144159,3370.820191
885.781270,-9622.677246,-222.061783,2374.896044
885.781591,-9252.574275,666.185348,1991.848295
885.781912,-9326.594869,0.000000,3983.696590
885.782233,-9696.697840,-962.267725,2145.067394
885.782553,-8512.368333,-888.247130,0.000000
885.782874,-9030.512492,-222.061783,-383.047749
885.783195,-9104.533087,1184.329507,2298.286494
885.783516,-10584.944971,1036.288319,2681.334243
885.783836,-10362.883188,-148.041188,2298.286494
885.784157,-10140.821405,-1184.329507,306.438199
885.784478,-9178.553681,0.000000,383.047749
885.784799,-9178.553681,-222.061783,1302.362347
885.785120,-9770.718434,-74.020594,1915.238745
885.785440,-9474.636058,-444.123565,1072.533697
885.785761,-9326.594869,-222.061783,-229.828649
885.786082,-9326.594869,1998.556043,-689.485948
885.786403,-10140.821405,1406.391290,1762.019645
885.786723,-10807.006753,592.164754,2681.334243
885.787044,-9548.656652,-888.247130,1072.533697
885.787365,-9178.553681,-518.144159,-153.219100
885.787686,-8882.471304,0.000000,689.485948
885.788007,-9400.615463,-592.164754,1378.971896
885.788327,-9548.656652,-1258.350101,1149.143247
885.788648,-9252.574275,-1554.432478,-689.485948
885.788969,-8068.244768,-222.061783,-383.047749
885.789290,-9918.759623,222.061783,1455.581446
885.789610,-10881.027347,-814.226536,3217.601092
885.789931,-10732.986159,-1628.453072,2911.162892
885.790252,-9104.533087,-2664.741391,2145.067394
885.790573,-9178.553681,-1702.473667,536.266849
885.790893,-9326.594869,-740.205942,1608.800546
885.791214,-9770.718434,-1406.391290,2145.067394
885.791535,-8512.368333,-1850.514855,-459.657299
885.791856,-8068.244768,-296.082377,-1915.238745
885.792177,-8734.430116,740.205942,-919.314598
885.792497,-9770.718434,296.082377,1149.143247
885.792818,-10436.903782,-222.061783,2068.457845
885.793139,-9992.780217,-1110.308913,2221.676944
885.793460,-8882.471304,-1184.329507,229.828649
885.793780,-9696.697840,-592.164754,1608.800546
885.794101,-10510.924376,-1184.329507,2681.334243
885.794422,-9992.780217,-1480.411884,2145.067394
885.794743,-9326.594869,-1110.308913,-153.219100
885.795064,-9326.594869,740.205942,0.000000
885.795384,-10584.944971,1332.370696,2374.896044
885.795705,-11177.109724,222.061783,3064.381992
885.796026,-10140.821405,-1406.391290,2068.457845
885.796347,-8734.430116,-2072.576638,-459.657299
885.796667,-8438.347739,-1332.370696,-536.266849
885.796988,-9622.677246,-592.164754,1149.143247
885.797309,-9992.780217,-222.061783,1838.629195
885.797630,-9400.615463,-740.205942,383.047749
885.797950,-9178.553681,0.000000,-612.876398
885.798271,-9474.636058,1184.329507,1072.533697
885.798592,-11917.315666,1628.453072,2528.115143
885.798913,-10881.027347,-740.205942,2757.943793
885.799234,-9474.636058,-1850.514855,1072.533697
885.799554,-8660.409521,-962.267725,0.000000
885.799875,-9252.574275,-444.123565,995.924147
885.800196,-10436.903782,-296.082377,2068.457845
885.800517,-9548.656652,-888.247130,1302.362347
885.800837,-8956.491898,-370.102971,-383.047749
885.801158,-9548.656652,444.123565,383.047749
885.801479,-11103.089130,444.123565,2221.676944
885.801800,-11103.089130,-222.061783,2911.162892
885.802121,-10066.800811,-1480.411884,689.485948
885.802441,-8068.244768,-1036.288319,-1149.143247
885.802762,-8438.347739,370.102971,-2604.724693
885.803083,-9104.533087,0.000000,459.657299
885.803404,-9178.553681,-814.226536,153.219100
885.803724,-8734.430116,-740.205942,-842.705048
885.804045,-9178.553681,296.082377,-1225.752797
885.804366,-10658.965565,1480.411884,689.485948
885.804687,-11103.089130,592.164754,3217.601092
885.805007,-10510.924376,-962.267725,2604.724693
885.805328,-9326.594869,-1480.411884,842.705048
885.805649,-8660.409521,-666.185348,612.876398
885.805970,-9696.697840,0.000000,1685.410096
885.806291,-9622.677246,-296.082377,2145.067394
885.806611,-8956.491898,-666.185348,383.047749
885.806932,-7402.059420,-296.082377,0.000000
885.807253,-9252.574275,1480.411884,1149.143247
885.807574,-10881.027347,1036.288319,2987.772442
885.807894,-10955.047942,-296.082377,2911.162892
885.808215,-9770.718434,-1184.329507,842.705048
885.808536,-9030.512492,222.061783,-153.219100
885.808857,-9474.636058,1036.288319,766.095498
885.809177,-9992.780217,1554.432478,2145.067394
885.809498,-9992.780217,592.164754,1302.362347
885.809819,-9326.594869,444.123565,-842.705048
885.810140,-9474.636058,962.267725,-229.828649
885.810461,-10732.986159,1406.391290,1991.848295
885.810781,-11251.130318,222.061783,3983.696590
885.811102,-9622.677246,-444.123565,4060.306139
885.811423,-9474.636058,-888.247130,1225.752797
885.811744,-8734.430116,370.102971,766.095498
885.812064,-9474.636058,0.000000,2145.067394
885.812385,-9104.533087,-666.185348,1608.800546
885.812706,-8808.450710,-740.205942,153.219100
885.813027,-8290.306550,0.000000,-766.095498
885.813348,-9474.636058,518.144159,1378.971896
885.813668,-10214.842000,0.000000,3064.381992
885.813989,-10732.986159,-1258.350101,2451.505594
885.814310,-9400.615463,-2072.576638,689.485948
885.814631,-8660.409521,-1554.432478,0.000000
885.814951,-8734.430116,-518.144159,1149.143247
885.815272,-9844.739029,-740.205942,2911.162892
885.815593,-8808.450710,-1628.453072,76.609550
885.815914,-8660.409521,-1258.350101,-1072.533697
885.816234,-9178.553681,592.164754,76.609550
885.816555,-10510.924376,888.247130,2528.115143
885.816876,-11177.109724,0.000000,3907.087040
885.817197,-10140.821405,-1036.288319,2374.896044
885.817518,-8512.368333,0.000000,919.314598
885.817838,-9400.615463,-592.164754,1072.533697
885.818159,-9030.512492,444.123565,1838.629195
885.818480,-9474.636058,-296.082377,842.705048
885.818801,-8882.471304,-370.102971,-1149.143247
885.819121,-8956.491898,1406.391290,-612.876398
885.819442,-10881.027347,1776.494261,1302.362347
885.819763,-11029.068536,666.185348,2911.162892
885.820084,-11177.109724,-1480.411884,1608.800546
885.820405,-10066.800811,-2146.597232,0.000000
885.820725,-9474.636058,-1480.411884,-766.095498
885.821046,-9844.739029,-962.267725,766.095498
885.821367,-9992.780217,-962.267725,1225.752797
885.821688,-9474.636058,-888.247130,-536.266849
885.822008,-9548.656652,0.000000,-1072.533697
885.822329,-9622.677246,740.205942,1225.752797
885.822650,-11177.109724,222.061783,2451.505594
885.822971,-11473.192101,-962.267725,3064.381992
885.823291,-9918.759623,-1332.370696,1608.800546
885.823612,-8216.285956,-222.061783,-153.219100
885.823933,-9178.553681,-592.164754,1991.848295
885.824254,-9400.615463,-1406.391290,2681.334243
885.824575,-9252.574275,-2368.659014,766.095498
885.824895,-8290.306550,-1480.411884,-536.266849
885.825216,-8586.388927,222.061783,-383.047749
885.825537,-9844.739029,296.082377,2068.457845
885.825858,-10807.006753,-740.205942,2528.115143
885.826178,-9548.656652,-1924.535449,1225.752797
885.826499,-9178.553681,-1850.514855,536.266849
885.826820,-9252.574275,-1110.308913,1072.533697
885.827141,-9992.780217,-1480.411884,2451.505594
885.827462,-9844.739029,-1554.432478,2145.067394
885.827782,-9474.636058,-814.226536,1302.362347
885.828103,-8808.450710,296.082377,0.000000
885.828424,-9844.739029,1628.453072,1608.800546
885.828745,-10436.903782,444.123565,2068.457845
885.829065,-9030.512492,-518.144159,1455.581446
885.829386,-8660.409521,-666.185348,-842.705048
885.829707,-8142.265362,888.247130,0.000000
885.830028,-8956.491898,1110.308913,919.314598
885.830348,-9918.759623,518.144159,2298.286494
885.830669,-9918.759623,370.102971,306.438199
885.830990,-9918.759623,1258.350101,306.438199
885.831311,-10732.986159,1480.411884,1838.629195
885.831632,-11843.295072,1184.329507,3830.477490
885.831952,-11547.212695,-370.102971,2298.286494
885.832273,-9474.636058,-2146.597232,383.047749
885.832594,-8290.306550,-1998.556043,-1072.533697
885.832915,-8808.450710,-1184.329507,-459.657299
885.833235,-9178.553681,-666.185348,1225.752797
885.833556,-9548.656652,-518.144159,306.438199
885.833877,-8808.450710,-444.123565,-995.924147
885.834198,-9474.636058,666.185348,-459.657299
885.834519,-10658.965565,814.226536,1685.410096
885.834839,-10955.047942,-296.082377,3907.087040
885.835160,-10584.944971,-1480.411884,2451.505594
885.835481,-9474.636058,-962.267725,919.314598
885.835802,-9252.574275,-222.061783,1302.362347
885.836122,-9622.677246,74.020594,2298.286494
885.836443,-9252.574275,-1184.329507,1455.581446
885.836764,-8808.450710,-1110.308913,0.000000
885.837085,-8216.285956,-222.061783,-689.485948
885.837405,-9474.636058,518.144159,1149.143247
885.837726,-10510.924376,74.020594,3217.601092
885.838047,-9844.739029,-740.205942,2145.067394
885.838368,-9548.656652,-444.123565,536.266849
885.838689,-9400.615463,740.205942,689.485948
885.839009,-9918.759623,518.144159,2374.896044
885.839330,-10214.842000,-814.226536,2451.505594
885.839651,-9252.574275,-1406.391290,153.219100
885.839972,-9252.574275,-1628.453072,-1149.143247
885.840292,-7994.224174,740.205942,306.438199
885.840613,-10436.903782,888.247130,2221.676944
885.840934,-10658.965565,518.144159,3524.039291
885.841255,-9918.759623,-962.267725,1838.629195
885.841575,-9104.533087,-1480.411884,76.609550
885.841896,-9326.594869,-518.144159,1149.143247
885.842217,-9844.739029,-296.082377,1838.629195
885.842538,-9992.780217,-222.061783,2068.457845
885.842859,-9104.533087,0.000000,0.000000
885.843179,-9400.615463,962.267725,0.000000
885.843500,-10140.821405,1554.432478,1915.238745
885.843821,-11251.130318,222.061783,3140.991542
885.844142,-10436.903782,-1480.411884,2068.457845
885.844462,-9326.594869,-1480.411884,1685.410096
885.844783,-8512.368333,-222.061783,-306.438199
885.845104,-9104.533087,148.041188,995.924147
885.845425,-9326.594869,-888.247130,1302.362347
885.845746,-8586.388927,-1702.473667,-689.485948
885.846066,-8438.347739,-1110.308913,-2298.286494
885.846387,-9252.574275,222.061783,-536.266849
885.846708,-10288.862594,370.102971,2068.457845
885.847029,-10658.965565,-222.061783,2451.505594
885.847349,-9622.677246,-222.061783,1532.190996
885.847670,-8216.285956,1036.288319,1915.238745
885.847991,-11325.150913,-962.267725,1915.238745
885.848312,-8882.471304,740.205942,3600.648841
885.848632,-10881.027347,-1258.350101,1225.752797
885.848953,-9178.553681,-222.061783,995.924147
885.849274,-7698.141797,222.061783,229.828649
885.849595,-10732.986159,444.123565,3140.991542
885.849916,-9474.636058,-518.144159,2221.676944
885.850236,-9474.636058,-1628.453072,766.095498
885.850557,-9252.574275,-666.185348,383.047749
885.850878,-7624.121203,-666.185348,-612.876398
885.851199,-9770.718434,0.000000,1378.971896
885.851519,-10066.800811,-666.185348,1685.410096
885.851840,-8956.491898,-1924.535449,-229.828649
885.852161,-10214.842000,-1110.308913,0.000000
885.852482,-10955.047942,-592.164754,1302.362347
885.852803,-10732.986159,-296.082377,3907.087040
885.853123,-11621.233289,-1184.329507,3140.991542
885.853444,-9400.615463,-518.144159,1302.362347
885.853765,-9030.512492,74.020594,0.000000
885.854086,-9622.677246,74.020594,842.705048
885.854406,-9474.636058,-74.020594,1455.581446
885.854727,-9474.636058,-592.164754,306.438199
885.855048,-8956.491898,0.000000,-689.485948
885.855369,-9400.615463,1998.556043,842.705048
885.855689,-11103.089130,962.267725,2757.943793
885.856010,-11177.109724,296.082377,3600.648841
885.856331,-10436.903782,-962.267725,1838.629195
885.856652,-9474.636058,-962.267725,612.876398
885.856973,-9252.574275,0.000000,1532.190996
885.857293,-10140.821405,0.000000,2681.334243
885.857614,-9844.739029,-814.226536,1302.362347
885.857935,-9178.553681,-1184.329507,-229.828649
885.858256,-7994.224174,-74.020594,-1608.800546
885.858576,-9474.636058,222.061783,-306.438199
885.858897,-10214.842000,-74.020594,1455.581446
885.859218,-9326.594869,-592.164754,766.095498
885.859539,-9252.574275,-740.205942,0.000000
885.859860,-8512.368333,0.000000,76.609550
885.860180,-9474.636058,-444.123565,1991.848295
885.860501,-10214.842000,-1554.432478,2221.676944
885.860822,-9326.594869,-1480.411884,919.314598
885.861143,-9622.677246,-296.082377,0.000000
885.861463,-9030.512492,518.144159,1072.533697
885.861784,-10214.842000,296.082377,2528.115143
885.862105,-10214.842000,-592.164754,1991.848295
885.862426,-8734.430116,-1628.453072,-459.657299
885.862746,-8364.327145,-1036.288319,-1302.362347
885.863067,-9252.574275,-814.226536,229.828649
885.863388,-9844.739029,-1554.432478,1225.752797
885.863709,-9622.677246,-1628.453072,306.438199
885.864030,-9326.594869,-666.185348,-842.705048
885.864350,-9770.718434,444.123565,-229.828649
885.864671,-11251.130318,814.226536,2604.724693
885.864992,-11547.212695,-444.123565,3294.210641
885.865313,-11621.233289,-888.247130,536.266849
885.865633,-8956.491898,-1702.473667,229.828649
885.865954,-8882.471304,-296.082377,383.047749
885.866275,-9326.594869,74.020594,1225.752797
885.866596,-9252.574275,-814.226536,919.314598
885.866916,-8438.347739,74.020594,-306.438199
885.867237,-9252.574275,888.247130,-153.219100
885.867558,-10214.842000,1036.288319,2145.067394
885.867879,-11473.192101,0.000000,3907.087040
885.868200,-10955.047942,-1924.535449,3907.087040
885.868520,-9844.739029,-1406.391290,1608.800546
885.868841,-9770.718434,-148.041188,995.924147
885.869162,-9918.759623,666.185348,2298.286494
885.869483,-9326.594869,444.123565,2604.724693
885.869803,-9548.656652,74.020594,612.876398
885.870124,-8882.471304,-74.020594,-1455.581446
885.870445,-8882.471304,148.041188,-153.219100
885.870766,-10214.842000,-962.267725,3600.648841
885.871087,-10140.821405,-1332.370696,2374.896044
885.871407,-9474.636058,-1332.370696,1072.533697
885.871728,-9178.553681,0.000000,919.314598
885.872049,-9178.553681,1184.329507,1608.800546
885.872370,-10214.842000,666.185348,2911.162892
885.872690,-9104.533087,74.020594,1532.190996
885.873011,-8956.491898,-222.061783,-153.219100
885.873332,-9030.512492,888.247130,76.609550
885.873653,-9474.636058,814.226536,2221.676944
885.873973,-10140.821405,-592.164754,3064.381992
885.874294,-9474.636058,-1850.514855,1149.143247
885.874615,-8882.471304,-1110.308913,-383.047749
885.874936,-8438.347739,-444.123565,-2068.457845
885.875257,-8808.450710,74.020594,842.705048
885.875577,-9770.718434,-296.082377,1608.800546
885.875898,-9252.574275,-1110.308913,-383.047749
885.876219,-9030.512492,-296.082377,-383.047749
885.876540,-9622.677246,592.164754,1302.362347
885.876860,-10584.944971,222.061783,3370.820191
885.877181,-10658.965565,-1110.308913,2834.553343
885.877502,-10066.800811,-814.226536,1225.752797
885.877823,-9474.636058,0.000000,-153.219100
885.878144,-9252.574275,666.185348,842.705048
885.878464,-9844.739029,0.000000,1685.410096
885.878785,-9104.533087,148.041188,306.438199
885.879106,-9252.574275,444.123565,-1532.190996
885.879427,-9844.739029,740.205942,306.438199
885.879747,-9770.718434,666.185348,2221.676944
885.880068,-11473.192101,-1036.288319,3064.381992
885.880389,-10584.944971,-444.123565,919.314598
885.880710,-9844.739029,74.020594,1072.533697
885.881030,-9548.656652,0.000000,536.266849
885.881351,-9326.594869,296.082377,1532.190996
885.881672,-10510.924376,-1480.411884,1072.533697
885.881993,-9400.615463,-1036.288319,-612.876398
885.882314,-9622.677246,-148.041188,-612.876398
885.882634,-10140.821405,222.061783,1762.019645
885.882955,-11029.068536,-518.144159,2987.772442
885.883276,-10881.027347,-1258.350101,2604.724693
885.883597,-9474.636058,-1924.535449,842.705048
885.883917,-8512.368333,-814.226536,612.876398
885.884238,-9252.574275,-814.226536,1608.800546
885.884559,-9178.553681,-1628.453072,1378.971896
885.884880,-9030.512492,-1110.308913,536.266849
885.885201,-8364.327145,-296.082377,-612.876398
885.885521,-9400.615463,962.267725,1225.752797
885.885842,-11029.068536,370.102971,3370.820191
885.886163,-9400.615463,-444.123565,2987.772442
885.886484,-9622.677246,-1776.494261,1532.190996
885.886804,-8660.409521,-814.226536,76.609550
885.887125,-8438.347739,-148.041188,919.314598
885.887446,-9326.594869,-666.185348,1685.410096
885.887767,-9030.512492,-1258.350101,536.266849
885.888088,-8512.368333,-1110.308913,-1149.143247
885.888408,-9030.512492,74.020594,-612.876398
885.888729,-9918.759623,740.205942,1455.581446
885.889050,-11251.130318,370.102971,2451.505594
885.889371,-10140.821405,-1332.370696,1991.848295
885.889691,-9474.636058,-1776.494261,536.266849
885.890012,-9178.553681,-1184.329507,459.657299
885.890333,-9030.512492,148.041188,2451.505594
885.890654,-9844.739029,0.000000,1149.143247
885.890975,-9252.574275,814.226536,0.000000
885.891295,-9548.656652,1258.350101,-459.657299
885.891616,-9918.759623,1628.453072,1072.533697
885.891937,-10955.047942,-370.102971,2374.896044
885.892258,-10584.944971,-2072.576638,1762.019645
885.892578,-9844.739029,-1702.473667,76.609550
885.892899,-9326.594869,148.041188,229.828649
885.893220,-9252.574275,740.205942,536.266849
885.893541,-9252.574275,444.123565,1302.362347
885.893861,-9326.594869,-740.205942,459.657299
885.894182,-9326.594869,-814.226536,-689.485948
885.894503,-9326.594869,-148.041188,-995.924147
885.894824,-10584.944971,74.020594,2451.505594
885.895145,-10807.006753,-740.205942,3370.820191
885.895465,-9622.677246,-814.226536,1608.800546
885.895786,-9030.512492,-592.164754,536.266849
885.896107,-8808.450710,-296.082377,1378.971896
885.896428,-9400.615463,-1480.411884,1532.190996
885.896748,-9178.553681,-1850.514855,919.314598
885.897069,-8808.450710,-1036.288319,-536.266849
885.897390,-9030.512492,1110.308913,229.828649
885.897711,-9622.677246,1776.494261,2451.505594
885.898032,-10584.944971,518.144159,3753.867940
885.898352,-9770.718434,-1110.308913,2145.067394
885.898673,-9400.615463,-1850.514855,306.438199
885.898994,-8734.430116,-888.247130,459.657299
885.899315,-9252.574275,-148.041188,1532.190996
885.899635,-9548.656652,-148.041188,1685.410096
885.899956,-8956.491898,0.000000,0.000000
885.900277,-8660.409521,592.164754,-1149.143247
885.900598,-9622.677246,1258.350101,842.705048
885.900919,-10658.965565,518.144159,1838.629195
885.901239,-10881.027347,-740.205942,2451.505594
885.901560,-10140.821405,-1184.329507,919.314598
885.901881,-9474.636058,-518.144159,459.657299
885.902202,-9474.636058,666.185348,1608.800546
885.902522,-10140.821405,-148.041188,1915.238745
885.902843,-9474.636058,-814.226536,0.000000
885.903164,-9326.594869,148.041188,-383.047749
885.903485,-9326.594869,296.082377,-229.828649
885.903806,-10510.924376,370.102971,1685.410096
885.904126,-10658.965565,0.000000,2068.457845
885.904447,-10214.842000,-444.123565,919.314598
885.904768,-9548.656652,222.061783,76.609550
885.905089,-9104.533087,814.226536,306.438199
885.905409,-10066.800811,0.000000,1608.800546
885.905730,-9844.739029,-1036.288319,689.485948
885.906051,-9474.636058,-962.267725,-383.047749
885.906372,-9474.636058,0.000000,-766.095498
885.906693,-10214.842000,74.020594,1302.362347
885.907013,-10436.903782,0.000000,1838.629195
885.907334,-10214.842000,-1850.514855,2451.505594
885.907655,-8882.471304,-2516.700203,383.047749
885.907976,-8512.368333,-962.267725,306.438199
885.908296,-9252.574275,-296.082377,766.095498
885.908617,-9474.636058,-666.185348,1838.629195
885.908938,-8956.491898,-1110.308913,689.485948
885.909259,-8438.347739,0.000000,-612.876398
885.909579,-9104.533087,1110.308913,1225.752797
885.909900,-10732.986159,296.082377,3370.820191
885.910221,-10510.924376,-814.226536,3830.477490
885.910542,-9770.718434,-2368.659014,1455.581446
885.910863,-8364.327145,-1332.370696,-536.266849
885.911183,-9104.533087,-962.267725,0.000000
885.911504,-9326.594869,222.061783,1532.190996
885.911825,-9548.656652,-222.061783,1378.971896
885.912146,-9474.636058,-444.123565,306.438199
885.912466,-9474.636058,0.000000,612.876398
885.912787,-11103.089130,-740.205942,2528.115143
885.913108,-11473.192101,-888.247130,3677.258390
885.913429,-10807.006753,-888.247130,2604.724693
885.913750,-9400.615463,-592.164754,229.828649
885.914070,-7772.162391,296.082377,-766.095498
885.914391,-8586.388927,0.000000,0.000000
885.914712,-8956.491898,-1036.288319,-536.266849
885.915033,-8068.244768,0.000000,-1532.190996
885.915353,-8660.409521,740.205942,612.876398
885.915674,-9548.656652,1628.453072,1225.752797
885.915995,-11621.233289,592.164754,3064.381992
885.916316,-11695.253884,-888.247130,3217.601092
885.916637,-9992.780217,-814.226536,1149.143247
885.916957,-10066.800811,0.000000,1072.533697
885.917278,-10436.903782,296.082377,2604.724693
885.917599,-9474.636058,-740.205942,2451.505594
885.917920,-9622.677246,-1998.556043,459.657299
885.918240,-8660.409521,-888.247130,-1072.533697
885.918561,-8586.388927,222.061783,0.000000
885.918882,-10658.965565,1184.329507,2451.505594
885.919203,-10436.903782,740.205942,2834.553343
885.919524,-9474.636058,222.061783,612.876398
885.919844,-8660.409521,-814.226536,0.000000
885.920165,-9178.553681,-740.205942,842.705048
885.920486,-9696.697840,-740.205942,1991.848295
885.920807,-9474.636058,-962.267725,1072.533697
885.921127,-8808.450710,-518.144159,-459.657299
885.921448,-8586.388927,1036.288319,0.000000
885.921769,-10140.821405,1258.350101,1915.238745
885.922090,-10658.965565,222.061783,2757.943793
885.922411,-10140.821405,-1850.514855,1532.190996
885.922731,-9104.533087,-1332.370696,0.000000
885.923052,-8512.368333,-1480.411884,-153.219100
885.923373,-8586.388927,-1184.329507,612.876398
885.923694,-9844.739029,-1406.391290,1378.971896
885.924014,-8660.409521,-1406.391290,-459.657299
885.924335,-8808.450710,-370.102971,-1149.143247
885.924656,-10288.862594,1480.411884,1302.362347
885.924977,-11029.068536,1110.308913,3524.039291
885.925297,-11251.130318,-444.123565,2911.162892
885.925618,-9992.780217,-1850.514855,1378.971896
885.925939,-8734.430116,-1554.432478,0.000000
885.926260,-9770.718434,-666.185348,536.266849
885.926581,-9474.636058,74.020594,766.095498
885.926901,-8956.491898,74.020594,0.000000
885.927222,-9104.533087,666.185348,-919.314598
885.927543,-9474.636058,1406.391290,0.000000
885.927864,-10807.006753,0.000000,842.705048
885.928184,-11399.171507,-1332.370696,3753.867940
885.928505,-10214.842000,-3034.844362,1685.410096
885.928826,-9178.553681,-2664.741391,0.000000
885.929147,-9030.512492,-1332.370696,536.266849
885.929468,-9326.594869,-370.102971,1838.629195
885.929788,-9474.636058,-666.185348,995.924147
885.930109,-8660.409521,-222.061783,-766.095498
885.930430,-9178.553681,1110.308913,-919.314598
885.930751,-9622.677246,1554.432478,1225.752797
885.931071,-10955.047942,370.102971,3370.820191
885.931392,-10362.883188,-1258.350101,2757.943793
885.931713,-9474.636058,-2146.597232,1149.143247
885.932034,-8734.430116,-518.144159,1608.800546
885.932355,-9474.636058,-370.102971,1685.410096
885.932675,-9918.759623,-296.082377,1455.581446
885.932996,-9030.512492,518.144159,0.000000
885.933317,-9030.512492,1628.453072,-1072.533697
885.933638,-9400.615463,2442.679609,76.609550
885.933958,-10658.965565,1332.370696,2451.505594
885.934279,-10584.944971,-592.164754,2987.772442
885.934600,-9548.656652,-2294.638420,1302.362347
885.934921,-9030.512492,-1628.453072,-995.924147
885.935242,-9252.574275,0.000000,689.485948
885.935562,-9474.636058,222.061783,2145.067394
885.935883,-9474.636058,-222.061783,1455.581446
885.936204,-9252.574275,-814.226536,1532.190996
885.936525,-9400.615463,0.000000,306.438199
885.936845,-10288.862594,370.102971,2528.115143
885.937166,-11325.150913,-148.041188,3753.867940
885.937487,-10436.903782,-740.205942,2911.162892
885.937808,-8512.368333,148.041188,842.705048
885.938128,-8956.491898,-148.041188,842.705048
885.938449,-8512.368333,-370.102971,995.924147
885.938770,-9104.533087,-1554.432478,919.314598
885.939091,-9104.533087,-2368.659014,-1762.019645
885.939412,-8068.244768,740.205942,-842.705048
885.939732,-10436.903782,1036.288319,995.924147
885.940053,-10066.800811,1406.391290,2911.162892
885.940374,-11103.089130,-740.205942,2681.334243
885.940695,-9696.697840,-1332.370696,1225.752797
885.941015,-9400.615463,-740.205942,766.095498
885.941336,-9918.759623,-444.123565,2451.505594
885.941657,-10288.862594,-1258.350101,3370.820191
885.941978,-9104.533087,-1998.556043,1072.533697
885.942299,-8956.491898,-444.123565,-766.095498
885.942619,-9104.533087,1924.535449,229.828649
885.942940,-10807.006753,2072.576638,1838.629195
885.943261,-10436.903782,1184.329507,2987.772442
885.943582,-10288.862594,-740.205942,459.657299
885.943902,-8882.471304,-592.164754,-689.485948
885.944223,-9104.533087,-740.205942,0.000000
885.944544,-9326.594869,-888.247130,1685.410096
885.944865,-9474.636058,-1850.514855,995.924147
885.945186,-8660.409521,-1258.350101,-919.314598
885.945506,-9104.533087,296.082377,-306.438199
885.945827,-10362.883188,962.267725,1685.410096
885.946148,-11843.295072,222.061783,3600.648841
885.946469,-10584.944971,-1258.350101,2068.457845
885.946789,-9474.636058,-1628.453072,-229.828649
885.947110,-9178.553681,-1184.329507,0.000000
885.947431,-9104.533087,-1332.370696,919.314598
885.947752,-9474.636058,-1480.411884,1225.752797
885.948073,-8882.471304,-1702.473667,-459.657299
885.948393,-8882.471304,-814.226536,-1302.362347
885.948714,-9622.677246,740.205942,0.000000
885.949035,-10732.986159,1406.391290,1991.848295
885.949356,-10807.006753,370.102971,2604.724693
885.949676,-9844.739029,-370.102971,1608.800546
885.949997,-9400.615463,-518.144159,1225.752797
885.950318,-9474.636058,-444.123565,1762.019645
885.950639,-9104.533087,-740.205942,2451.505594
885.950960,-9400.615463,-1332.370696,1455.581446
885.951280,-9178.553681,-296.082377,-612.876398
885.951601,-8882.471304,1554.432478,76.609550
885.951922,-10436.903782,1184.329507,1762.019645
885.952243,-10066.800811,148.041188,2757.943793
885.952563,-10436.903782,-2146.597232,1455.581446
885.952884,-9030.512492,-1776.494261,0.000000
885.953205,-9252.574275,-1776.494261,459.657299
885.953526,-9548.656652,-1184.329507,2068.457845
885.953846,-9918.759623,-1258.350101,1532.190996
885.954167,-9474.636058,-74.020594,76.609550
885.954488,-9178.553681,296.082377,-306.438199
885.954809,-9252.574275,1184.329507,1685.410096
885.955130,-10807.006753,0.000000,2834.553343
885.955450,-10436.903782,-1184.329507,2374.896044
885.955771,-9548.656652,-1628.453072,919.314598
885.956092,-8586.388927,-1332.370696,-229.828649
885.956413,-8808.450710,-1184.329507,1532.190996
885.956733,-9400.615463,-1258.350101,1608.800546
885.957054,-9474.636058,-1332.370696,306.438199
885.957375,-9326.594869,-74.020594,-76.609550
885.957696,-9844.739029,1332.370696,1225.752797
885.958017,-11177.109724,888.247130,3294.210641
885.958337,-11177.109724,0.000000,3217.601092
885.958658,-9918.759623,-1628.453072,1225.752797
885.958979,-8512.368333,-888.247130,-459.657299
885.959300,-8956.491898,0.000000,383.047749
885.959620,-9474.636058,0.000000,995.924147
885.959941,-9474.636058,-296.082377,459.657299
885.960262,-8882.471304,148.041188,-766.095498
885.960583,-9548.656652,444.123565,-153.219100
885.960904,-10066.800811,296.082377,1455.581446
885.961224,-11399.171507,-444.123565,3217.601092
885.961545,-10658.965565,-1036.288319,2374.896044
885.961866,-9474.636058,-962.267725,1532.190996
885.962187,-8956.491898,0.000000,1532.190996
885.962507,-9474.636058,222.061783,2145.067394
885.962828,-9326.594869,148.041188,1455.581446
885.963149,-9252.574275,0.000000,459.657299
885.963470,-8660.409521,1702.473667,-612.876398
885.963791,-10066.800811,1850.514855,1149.143247
885.964111,-10140.821405,1110.308913,2374.896044
885.964432,-10584.944971,-740.205942,2987.772442
885.964753,-9400.615463,-1480.411884,76.609550
885.965074,-8808.450710,-518.144159,-383.047749
885.965394,-9030.512492,0.000000,612.876398
885.965715,-9548.656652,-222.061783,2528.115143
885.966036,-9400.615463,-1480.411884,306.438199
885.966357,-8956.491898,-1702.473667,-689.485948
885.966678,-9104.533087,-666.185348,0.000000
885.966998,-10510.924376,-148.041188,2681.334243
885.967319,-10881.027347,-814.226536,3064.381992
885.967640,-10140.821405,-814.226536,2374.896044
885.967961,-9326.594869,-222.061783,766.095498
885.968281,-8438.347739,370.102971,766.095498
885.968602,-8512.368333,0.000000,1378.971896
885.968923,-9474.636058,0.000000,1302.362347
885.969244,-8660.409521,518.144159,-459.657299
885.969564,-9030.512492,1480.411884,153.219100
885.969885,-10066.800811,1036.288319,1915.238745
885.970206,-10732.986159,-444.123565,3140.991542
885.970527,-10658.965565,-1850.514855,2145.067394
885.970848,-9548.656652,-1258.350101,383.047749
885.971168,-9252.574275,-148.041188,536.266849
885.971489,-9622.677246,0.000000,1302.362347
885.971810,-9696.697840,-1036.288319,1302.362347
885.972131,-9474.636058,-1924.535449,-76.609550
885.972451,-8808.450710,-1406.391290,-1378.971896
885.972772,-9548.656652,-296.082377,0.000000
885.973093,-10881.027347,-222.061783,2604.724693
885.973414,-10881.027347,-666.185348,3294.210641
885.973735,-9992.780217,-962.267725,1991.848295
885.974055,-9178.553681,-666.185348,459.657299
885.974376,-9548.656652,148.041188,1685.410096
885.974697,-9992.780217,-814.226536,2451.505594
885.975018,-9178.553681,-888.247130,689.485948
885.975338,-8882.471304,-296.082377,-612.876398
885.975659,-8808.450710,1628.453072,-229.828649
885.975980,-10066.800811,814.226536,1532.190996
885.976301,-10955.047942,-518.144159,2834.553343
885.976622,-10140.821405,-1628.453072,1532.190996
885.976942,-9326.594869,-1332.370696,0.000000
885.977263,-9252.574275,-222.061783,0.000000
885.977584,-9548.656652,-518.144159,1838.629195
885.977905,-9622.677246,-962.267725,1072.533697
885.978225,-9178.553681,-518.144159,-306.438199
885.978546,-9474.636058,518.144159,-1225.752797
885.978867,-9918.759623,1258.350101,306.438199
885.979188,-11325.150913,592.164754,3217.601092
885.979509,-11029.068536,-296.082377,2911.162892
885.979829,-9770.718434,-1110.308913,1608.800546
885.980150,-9474.636058,-370.102971,306.438199
885.980471,-8586.388927,0.000000,995.924147
885.980792,-9326.594869,-1036.288319,919.314598
885.981112,-8364.327145,-888.247130,-306.438199
885.981433,-8364.327145,-370.102971,-2451.505594
885.981754,-8882.471304,1258.350101,-842.705048
885.982074,-10436.903782,1184.329507,1532.190996
885.982395,-10436.903782,0.000000,2604.724693
885.982716,-9992.780217,-1258.350101,612.876398
885.983037,-9770.718434,-1554.432478,689.485948
885.983357,-8882.471304,-1406.391290,689.485948
885.983678,-10288.862594,-1406.391290,2145.067394
885.983999,-9474.636058,-962.267725,1378.971896
885.984319,-8660.409521,370.102971,536.266849
885.984640,-11177.109724,-592.164754,-229.828649
885.984961,-7772.162391,1406.391290,383.047749
885.985281,-10584.944971,-1184.329507,1455.581446
885.985602,-10066.800811,-518.144159,1608.800546
885.985923,-8438.347739,-1332.370696,-306.438199
885.986244,-9252.574275,-222.061783,612.876398
885.986564,-9178.553681,666.185348,919.314598
885.986885,-9326.594869,-814.226536,689.485948
885.987206,-9474.636058,296.082377,1455.581446
885.987526,-9104.533087,962.267725,-229.828649
885.987847,-10510.924376,1480.411884,2068.457845
885.988168,-11251.130318,0.000000,4826.401637
885.988488,-10362.883188,-1924.535449,3370.820191
885.988809,-10510.924376,-2738.761985,1915.238745
885.989130,-9474.636058,-1776.494261,536.266849
885.989451,-8216.285956,0.000000,1302.362347
885.989771,-10214.842000,814.226536,1072.533697
885.990092,-9474.636058,222.061783,383.047749
885.990413,-8290.306550,222.061783,-1225.752797
885.990733,-9474.636058,1258.350101,0.000000
885.991054,-10955.047942,1258.350101,2221.676944
885.991375,-10732.986159,370.102971,3294.210641
885.991695,-11251.130318,-740.205942,2987.772442
885.992016,-9770.718434,-592.164754,1225.752797
885.992337,-8956.491898,148.041188,766.095498
885.992658,-9918.759623,-370.102971,1302.362347
885.992978,-9252.574275,74.020594,995.924147
885.993299,-8882.471304,296.082377,-1149.143247
885.993620,-8956.491898,1554.432478,-612.876398
885.993940,-9622.677246,1406.391290,1838.629195
885.994261,-10955.047942,222.061783,2604.724693
885.994582,-10510.924376,-1850.514855,2451.505594
885.994902,-9252.574275,-2516.700203,536.266849
885.995223,-9474.636058,-2294.638420,1608.800546
885.995544,-9548.656652,-1776.494261,1225.752797
885.995865,-9178.553681,-592.164754,1072.533697
885.996185,-9178.553681,-1110.308913,-153.219100
885.996506,-8586.388927,222.061783,-1378.971896
885.996827,-8660.409521,592.164754,-536.266849
885.997147,-10214.842000,-370.102971,1378.971896
885.997468,-10288.862594,-1332.370696,1915.238745
885.997789,-9252.574275,-1998.556043,1072.533697
885.998109,-9548.656652,-2146.597232,-306.438199
885.998430,-7920.203579,-370.102971,1762.019645
885.998751,-9474.636058,-370.102971,2298.286494
885.999072,-9326.594869,-666.185348,919.314598
885.999392,-8882.471304,666.185348,229.828649
885.999713,-9104.533087,1480.411884,76.609550
886.000034,-9992.780217,1184.329507,2528.115143
886.000354,-11103.089130,0.000000,3600.648841
886.000675,-10510.924376,-1776.494261,2451.505594
886.000996,-9178.553681,-1924.535449,536.266849
886.001317,-8808.450710,-444.123565,383.047749
886.001637,-9474.636058,592.164754,1762.019645
886.001958,-9548.656652,666.185348,919.314598
886.002279,-7105.977043,-370.102971,-612.876398
886.002599,-8586.388927,814.226536,-1685.410096
886.002920,-9622.677246,1184.329507,459.657299
886.003241,-11103.089130,222.061783,3064.381992
886.003561,-11103.089130,-962.267725,3907.087040
886.003882,-10732.986159,-1850.514855,1991.848295
886.004203,-9770.718434,-814.226536,1991.848295
886.004524,-10066.800811,-814.226536,2987.772442
886.004844,-10658.965565,-1628.453072,2757.943793
886.005165,-9252.574275,-1480.411884,1532.190996
886.005486,-8734.430116,0.000000,-1149.143247
886.005806,-8808.450710,1332.370696,-153.219100
886.006127,-9622.677246,1628.453072,1455.581446
886.006448,-10066.800811,0.000000,3753.867940
886.006768,-9844.739029,-1554.432478,612.876398
886.007089,-8808.450710,-1480.411884,-306.438199
886.007410,-9474.636058,-1480.411884,995.924147
886.007731,-9992.780217,-1554.432478,2374.896044
886.008051,-9992.780217,-1110.308913,2145.067394
886.008372,-9400.615463,-1776.494261,0.000000
886.008693,-8586.388927,-148.041188,-766.095498
886.009013,-9548.656652,740.205942,459.657299
886.009334,-10288.862594,518.144159,2528.115143
886.009655,-9770.718434,-444.123565,1685.410096
886.009975,-8882.471304,-740.205942,0.000000
886.010296,-8512.368333,-666.185348,-306.438199
886.010617,-8660.409521,0.000000,766.095498
886.010938,-9548.656652,-370.102971,919.314598
886.011258,-8956.491898,222.061783,0.000000
886.011579,-8734.430116,1554.432478,-689.485948
886.011900,-9474.636058,1776.494261,1072.533697
886.012220,-11103.089130,222.061783,2681.334243
886.012541,-10436.903782,-1850.514855,2374.896044
886.012862,-10066.800811,-2664.741391,76.609550
886.013182,-8734.430116,-1036.288319,0.000000
886.013503,-9252.574275,-148.041188,229.828649
886.013824,-9622.677246,74.020594,1532.190996
886.014145,-9548.656652,-592.164754,0.000000
886.014465,-9030.512492,-518.144159,-1302.362347
886.014786,-9474.636058,148.041188,-1302.362347
886.015107,-11103.089130,370.102971,1608.800546
886.015427,-11399.171507,-222.061783,3370.820191
886.015748,-10436.903782,-1332.370696,2221.676944
886.016069,-9178.553681,-1036.288319,689.485948
886.016389,-9252.574275,-222.061783,1302.362347
886.016710,-9844.739029,0.000000,2298.286494
886.017031,-9474.636058,-592.164754,2145.067394
886.017352,-9178.553681,-814.226536,0.000000
886.017672,-8808.450710,-444.123565,-995.924147
886.017993,-9844.739029,592.164754,1532.190996
886.018314,-10510.924376,0.000000,3524.039291
886.018634,-10510.924376,-1258.350101,2834.553343
886.018955,-9622.677246,-518.144159,1072.533697
886.019276,-8956.491898,-592.164754,459.657299
886.019596,-9326.594869,-222.061783,1532.190996
886.019917,-9622.677246,-592.164754,2145.067394
886.020238,-9400.615463,-666.185348,766.095498
886.020559,-8882.471304,-592.164754,-766.095498
886.020879,-9474.636058,296.082377,383.047749
886.021200,-10214.842000,296.082377,2451.505594
886.021521,-10362.883188,-888.247130,2911.162892
886.021841,-9918.759623,-1184.329507,1072.533697
886.022162,-8586.388927,-1110.308913,-306.438199
886.022483,-8512.368333,148.041188,612.876398
886.022803,-9622.677246,222.061783,1685.410096
886.023124,-9622.677246,962.267725,1378.971896
886.023445,-8808.450710,222.061783,-689.485948
886.023766,-8808.450710,1184.329507,-536.266849
886.024086,-10436.903782,1332.370696,2298.286494
886.024407,-11251.130318,370.102971,3524.039291
886.024728,-10658.965565,-1036.288319,2528.115143
886.025048,-9474.636058,-1258.350101,536.266849
886.025369,-9252.574275,74.020594,383.047749
886.025690,-9770.718434,-222.061783,1149.143247
886.026010,-9178.553681,0.000000,1915.238745
886.026331,-9474.636058,-1480.411884,-153.219100
886.026652,-7846.182985,296.082377,-1608.800546
886.026973,-10214.842000,-296.082377,229.828649
886.027293,-10584.944971,-370.102971,2528.115143
886.027614,-11177.109724,-444.123565,2681.334243
886.027935,-10288.862594,-518.144159,1762.019645
886.028255,-9326.594869,814.226536,1225.752797
886.028576,-9992.780217,888.247130,2221.676944
886.028897,-9992.780217,-74.020594,2298.286494
886.029218,-9178.553681,-814.226536,306.438199
886.029538,-8956.491898,0.000000,-919.314598
886.029859,-8882.471304,1184.329507,-306.438199
886.030180,-9918.759623,1110.308913,2604.724693
886.030500,-10362.883188,-592.164754,3064.381992
886.030821,-9844.739029,-2368.659014,1149.143247
886.031142,-9178.553681,-1110.308913,459.657299
886.031462,-9178.553681,-1406.391290,153.219100
886.031783,-9622.677246,-296.082377,1762.019645
886.032104,-9474.636058,-1184.329507,1455.581446
886.032425,-8364.327145,-1110.308913,-612.876398
886.032745,-8808.450710,-222.061783,-766.095498
886.033066,-9252.574275,444.123565,1532.190996
886.033387,-11029.068536,-148.041188,3524.039291
886.033707,-10807.006753,-962.267725,2911.162892
886.034028,-9474.636058,-1332.370696,1532.190996
886.034349,-8290.306550,-740.205942,1378.971896
886.034669,-9030.512492,-740.205942,1149.143247
886.034990,-9622.677246,-814.226536,1608.800546
886.035311,-8660.409521,0.000000,153.219100
886.035632,-8216.285956,0.000000,-1608.800546
886.035952,-8882.471304,888.247130,76.609550
886.036273,-10362.883188,888.247130,2681.334243
886.036594,-11399.171507,-1406.391290,2604.724693
886.036914,-9696.697840,-1406.391290,1225.752797
886.037235,-9252.574275,-1332.370696,153.219100
886.037556,-9326.594869,0.000000,1149.143247
886.037876,-10066.800811,-518.144159,1838.629195
886.038197,-9770.718434,-962.267725,1302.362347
886.038518,-8142.265362,-962.267725,-459.657299
886.038839,-9326.594869,0.000000,-612.876398
886.039159,-10436.903782,222.061783,1838.629195
886.039480,-11029.068536,-666.185348,2987.772442
886.039801,-9918.759623,-1480.411884,1915.238745
886.040121,-8882.471304,-962.267725,229.828649
886.040442,-8734.430116,0.000000,612.876398
886.040763,-9696.697840,-518.144159,1532.190996
886.041083,-9622.677246,-444.123565,1455.581446
886.041404,-8808.450710,-740.205942,-459.657299
886.041725,-8808.450710,296.082377,-1072.533697
886.042046,-10066.800811,1184.329507,1302.362347
886.042366,-11177.109724,0.000000,2911.162892
886.042687,-10436.903782,-1702.473667,3830.477490
886.043008,-9622.677246,-2146.597232,536.266849
886.043328,-8882.471304,-962.267725,612.876398
886.043649,-9400.615463,-666.185348,1608.800546
886.043970,-9474.636058,-222.061783,1991.848295
886.044290,-9252.574275,-148.041188,383.047749
886.044611,-8660.409521,222.061783,-1455.581446
886.044932,-8956.491898,1184.329507,-306.438199
886.045253,-10436.903782,518.144159,1378.971896
886.045573,-10584.944971,0.000000,2757.943793
886.045894,-10066.800811,-1184.329507,1455.581446
886.046215,-9178.553681,-888.247130,383.047749
886.046535,-9474.636058,-296.082377,612.876398
886.046856,-10214.842000,-1184.329507,1225.752797
886.047177,-9400.615463,-1554.432478,76.609550
886.047497,-8956.491898,-1036.288319,-1532.190996
886.047818,-9030.512492,518.144159,-612.876398
886.048139,-10584.944971,1184.329507,1762.019645
886.048460,-11547.212695,0.000000,4136.915689
886.048780,-10881.027347,-1258.350101,2145.067394
886.049101,-9548.656652,-814.226536,459.657299
886.049422,-9400.615463,222.061783,766.095498
886.049742,-9474.636058,-518.144159,1302.362347
886.050063,-9030.512492,-222.061783,919.314598
886.050384,-8438.347739,-888.247130,-1149.143247
886.050704,-8438.347739,222.061783,-1915.238745
886.051025,-9178.553681,1924.535449,536.266849
886.051346,-11325.150913,1184.329507,2451.505594
886.051667,-11177.109724,444.123565,3294.210641
886.051987,-9844.739029,-518.144159,1149.143247
886.052308,-9548.656652,814.226536,1378.971896
886.052629,-8882.471304,0.000000,1378.971896
886.052949,-9770.718434,-444.123565,2068.457845
886.053270,-9104.533087,-370.102971,1455.581446
886.053591,-8142.265362,296.082377,-612.876398
886.053911,-8438.347739,1332.370696,995.924147
886.054232,-10658.965565,1406.391290,3753.867940
886.054553,-11029.068536,-518.144159,4443.353888
886.054874,-10436.903782,-1850.514855,3447.429741
886.055194,-9474.636058,-1702.473667,1455.581446
886.055515,-8660.409521,-814.226536,1302.362347
886.055836,-9548.656652,-592.164754,2757.943793
886.056156,-8808.450710,-592.164754,1532.190996
886.056477,-7772.162391,-592.164754,-766.095498
886.056798,-7920.203579,-592.164754,-1685.410096
886.057118,-9030.512492,444.123565,306.438199
886.057439,-10807.006753,-518.144159,2528.115143
886.057760,-10955.047942,-1184.329507,3370.820191
886.058081,-9548.656652,-1776.494261,1685.410096
886.058401,-9326.594869,-518.144159,919.314598
886.058722,-9770.718434,222.061783,2528.115143
886.059043,-10732.986159,-1036.288319,2681.334243
886.059363,-9696.697840,-370.102971,383.047749
886.059684,-9030.512492,0.000000,-995.924147
886.060005,-9252.574275,0.000000,-306.438199
886.060326,-9918.759623,1036.288319,1915.238745
886.060646,-11991.336260,-1406.391290,2987.772442
886.060967,-9844.739029,-1110.308913,459.657299
886.061288,-9992.780217,-518.144159,0.000000
886.061608,-9548.656652,-962.267725,612.876398
886.061929,-9844.739029,-296.082377,919.314598
886.062250,-10288.862594,-740.205942,306.438199
886.062570,-9030.512492,-148.041188,-1225.752797
886.062891,-9326.594869,1406.391290,-1378.971896
886.063212,-10436.903782,1554.432478,995.924147
886.063533,-11843.295072,962.267725,2068.457845
886.063853,-10214.842000,-888.247130,1685.410096
886.064174,-9326.594869,-2368.659014,0.000000
886.064495,-8586.388927,-296.082377,76.609550
886.064815,-10288.862594,-666.185348,1302.362347
886.065136,-9474.636058,-1184.329507,1455.581446
886.065457,-9326.594869,74.020594,612.876398
886.065777,-8438.347739,666.185348,-306.438199
886.066098,-9474.636058,1184.329507,1225.752797
886.066419,-10955.047942,888.247130,3524.039291
886.066740,-10362.883188,-1924.535449,2374.896044
886.067060,-9178.553681,-1924.535449,0.000000
886.067381,-8660.409521,-1110.308913,-536.266849
886.067702,-9030.512492,222.061783,612.876398
886.068022,-9622.677246,-148.041188,2528.115143
886.068343,-8882.471304,-814.226536,1762.019645
886.068664,-8438.347739,-1258.350101,-459.657299
886.068984,-8882.471304,-888.247130,383.047749
886.069305,-10066.800811,0.000000,2528.115143
886.069626,-10510.924376,-1110.308913,3370.820191
886.069947,-9474.636058,-1554.432478,2528.115143
886.070267,-8512.368333,-962.267725,919.314598
886.070588,-8882.471304,0.000000,1225.752797
886.070909,-10362.883188,-148.041188,2528.115143
886.071229,-10362.883188,0.000000,2298.286494
886.071550,-9770.718434,0.000000,612.876398
886.071871,-9918.759623,518.144159,-536.266849
886.072191,-10362.883188,1628.453072,1532.190996
886.072512,-11103.089130,666.185348,3140.991542
886.072833,-10288.862594,-1036.288319,1532.190996
886.073154,-9178.553681,-1776.494261,0.000000
886.073474,-8660.409521,-1036.288319,-919.314598
886.073795,-9178.553681,-370.102971,153.219100
886.074116,-10214.842000,-518.144159,1608.800546
886.074436,-9474.636058,-1258.350101,76.609550
886.074757,-8956.491898,-666.185348,-612.876398
886.075078,-10214.842000,592.164754,612.876398
886.075398,-10881.027347,296.082377,2604.724693
886.075719,-11251.130318,-444.123565,3294.210641
886.076040,-9474.636058,-1554.432478,1532.190996
886.076361,-8290.306550,-1184.329507,-689.485948
886.076681,-8956.491898,-592.164754,76.609550
886.077002,-9474.636058,-296.082377,1378.971896
886.077323,-9104.533087,-1184.329507,766.095498
886.077643,-9252.574275,-296.082377,0.000000
886.077964,-9474.636058,370.102971,459.657299
886.078285,-10288.862594,148.041188,2221.676944
886.078605,-11251.130318,-666.185348,3140.991542
886.078926,-9696.697840,-1850.514855,1838.629195
886.079247,-8364.327145,-666.185348,-459.657299
886.079568,-8882.471304,444.123565,-306.438199
886.079888,-8956.491898,592.164754,459.657299
886.080209,-8808.450710,0.000000,1378.971896
886.080530,-8956.491898,-814.226536,-919.314598
886.080850,-8808.450710,0.000000,-919.314598
886.081171,-10436.903782,444.123565,1302.362347
886.081492,-10658.965565,814.226536,3600.648841
886.081812,-10807.006753,-888.247130,2757.943793
886.082133,-9474.636058,-1036.288319,842.705048
886.082454,-8956.491898,-370.102971,306.438199
886.082775,-9252.574275,518.144159,1302.362347
886.083095,-10066.800811,0.000000,2068.457845
886.083416,-9030.512492,-962.267725,306.438199
886.083737,-8660.409521,-518.144159,-1225.752797
886.084057,-9252.574275,1184.329507,0.000000
886.084378,-11769.274478,2294.638420,3294.210641
886.084699,-11325.150913,592.164754,3907.087040
886.085019,-10584.944971,-1036.288319,2451.505594
886.085340,-9326.594869,-740.205942,459.657299
886.085661,-9252.574275,-296.082377,1685.410096
886.085982,-9844.739029,-1036.288319,1991.848295
886.086302,-9252.574275,-444.123565,1455.581446
886.086623,-9030.512492,-1184.329507,-229.828649
886.086944,-8660.409521,-518.144159,-153.219100
886.087264,-9400.615463,74.020594,2145.067394
886.087585,-11251.130318,-888.247130,3370.820191
886.087906,-10732.986159,-1036.288319,3140.991542
886.088226,-9252.574275,-518.144159,1685.410096
886.088547,-8216.285956,-740.205942,3370.820191
886.088868,-9400.615463,370.102971,1838.629195
886.089189,-9548.656652,-518.144159,1532.190996
886.089509,-9030.512492,-666.185348,-153.219100
886.089830,-8364.327145,888.247130,-1225.752797
886.090151,-9326.594869,1110.308913,0.000000
886.090471,-10436.903782,1184.329507,1762.019645
886.090792,-10732.986159,-444.123565,1991.848295
886.091113,-9770.718434,-1258.350101,383.047749
886.091433,-8364.327145,-1036.288319,76.609550
886.091754,-9548.656652,-444.123565,995.924147
886.092075,-10288.862594,-814.226536,1991.848295
886.092396,-9400.615463,-740.205942,612.876398
886.092716,-8808.450710,-1480.411884,-1608.800546
886.093037,-8808.450710,74.020594,-383.047749
886.093358,-10288.862594,370.102971,1532.190996
886.093678,-11029.068536,-814.226536,2451.505594
886.093999,-9770.718434,-1332.370696,1838.629195
886.094320,-8882.471304,-1406.391290,153.219100
886.094640,-9252.574275,-444.123565,766.095498
886.094961,-9844.739029,-148.041188,2221.676944
886.095282,-10140.821405,-1036.288319,1455.581446
886.095603,-8734.430116,296.082377,-612.876398
886.095923,-8882.471304,518.144159,-766.095498
886.096244,-10140.821405,962.267725,1378.971896
886.096565,-10658.965565,222.061783,2834.553343
886.096885,-10214.842000,-1406.391290,1608.800546
886.097206,-9474.636058,-1628.453072,-229.828649
886.097527,-9030.512492,0.000000,306.438199
886.097847,-9844.739029,-518.144159,1455.581446
886.098168,-9622.677246,-370.102971,1915.238745
886.098489,-9400.615463,-740.205942,995.924147
886.098810,-8882.471304,-444.123565,-612.876398
886.099130,-9474.636058,296.082377,229.828649
886.099451,-10732.986159,222.061783,2757.943793
886.099772,-11325.150913,0.000000,2987.772442
886.100092,-9400.615463,-814.226536,1532.190996
886.100413,-8882.471304,-962.267725,383.047749
886.100734,-9030.512492,0.000000,1072.533697
886.101054,-9992.780217,-1036.288319,-306.438199
886.101375,-9104.533087,-1184.329507,1149.143247
886.101696,-8734.430116,-1036.288319,-612.876398
886.102017,-8660.409521,370.102971,-536.266849
886.102337,-10140.821405,888.247130,1915.238745
886.102658,-10436.903782,0.000000,3217.601092
886.102979,-10436.903782,-1110.308913,1838.629195
886.103299,-9252.574275,-1406.391290,306.438199
886.103620,-9030.512492,-1110.308913,612.876398
886.103941,-9030.512492,-1184.329507,2451.505594
886.104261,-9252.574275,-1332.370696,1455.581446
886.104582,-9030.512492,-1480.411884,-766.095498
886.104903,-8808.450710,74.020594,-995.924147
886.105224,-9696.697840,962.267725,-153.219100
886.105544,-10732.986159,518.144159,2451.505594
886.105865,-10881.027347,-740.205942,2681.334243
886.106186,-9696.697840,-1110.308913,1072.533697
886.106506,-9400.615463,-1110.308913,153.219100
886.106827,-9252.574275,-666.185348,995.924147
886.107148,-9696.697840,-444.123565,1608.800546
886.107468,-9548.656652,-592.164754,1149.143247
886.107789,-8734.430116,222.061783,-536.266849
886.108110,-9104.533087,1184.329507,919.314598
886.108431,-10362.883188,1258.350101,2221.676944
886.108751,-10955.047942,0.000000,2528.115143
886.109072,-10436.903782,-1110.308913,1302.362347
886.109393,-9252.574275,-1332.370696,0.000000
886.109713,-8734.430116,-444.123565,0.000000
886.110034,-9844.739029,-296.082377,1455.581446
886.110355,-9622.677246,-370.102971,1225.752797
886.110675,-9474.636058,-296.082377,-153.219100
886.110996,-9326.594869,592.164754,-383.047749
886.111317,-10288.862594,888.247130,1149.143247
886.111638,-11177.109724,0.000000,3217.601092
886.111958,-10362.883188,-666.185348,2604.724693
886.112279,-9030.512492,-444.123565,842.705048
886.112600,-8808.450710,444.123565,536.266849
886.112920,-9548.656652,740.205942,2298.286494
886.113241,-9622.677246,148.041188,2068.457845
886.113562,-9474.636058,-370.102971,383.047749
886.113882,-9030.512492,518.144159,-689.485948
886.114203,-9474.636058,814.226536,612.876398
886.114524,-10584.944971,296.082377,2451.505594
886.114845,-10807.006753,-666.185348,3524.039291
886.115165,-10362.883188,-1184.329507,1302.362347
886.115486,-9178.553681,-518.144159,306.438199
886.115807,-9474.636058,-370.102971,1149.143247
886.116127,-9770.718434,0.000000,2068.457845
886.116448,-8586.388927,-1628.453072,459.657299
886.116769,-7920.203579,-592.164754,-1532.190996
886.117089,-8216.285956,0.000000,-1455.581446
886.117410,-8956.491898,-296.082377,1225.752797
886.117731,-9992.780217,-370.102971,2834.553343
886.118052,-9992.780217,-1184.329507,2528.115143
886.118372,-8956.491898,-888.247130,1378.971896
886.118693,-9622.677246,444.123565,2451.505594
886.119014,-10510.924376,0.000000,3524.039291
886.119334,-9474.636058,148.041188,2604.724693
886.119655,-9548.656652,-296.082377,459.657299
886.119976,-8660.409521,1036.288319,0.000000
886.120296,-9030.512492,666.185348,995.924147
886.120617,-9992.780217,-1258.350101,2298.286494
886.120938,-9400.615463,-1110.308913,1378.971896
886.121259,-9844.739029,-1850.514855,0.000000
886.121579,-8808.450710,-222.061783,0.000000
886.121900,-9844.739029,518.144159,2068.457845
886.122221,-10288.862594,-740.205942,2298.286494
886.122541,-9400.615463,-1184.329507,229.828649
886.122862,-8808.450710,-1480.411884,-1608.800546
886.123183,-9030.512492,0.000000,-689.485948
886.123503,-10436.903782,444.123565,1302.362347
886.123824,-10732.986159,0.000000,1991.848295
886.124145,-9474.636058,-148.041188,842.705048
886.124466,-8882.471304,0.000000,0.000000
886.124786,-9696.697840,592.164754,1302.362347
886.125107,-10658.965565,-592.164754,2451.505594
886.125428,-10436.903782,-1332.370696,2451.505594
886.125748,-9622.677246,-888.247130,612.876398
886.126069,-9696.697840,1850.514855,2221.676944
886.126390,-10732.986159,666.185348,2681.334243
886.126710,-10732.986159,-444.123565,3140.991542
886.127031,-10436.903782,-2072.576638,1225.752797
886.127352,-8660.409521,-1628.453072,-919.314598
886.127673,-8512.368333,-444.123565,-766.095498
886.127993,-9326.594869,74.020594,1072.533697
886.128314,-9474.636058,-592.164754,1608.800546
886.128635,-9178.553681,-1184.329507,0.000000
886.128955,-8290.306550,-296.082377,-1378.971896
886.129276,-9918.759623,0.000000,689.485948
886.129597,-10955.047942,-444.123565,3370.820191
886.129917,-11029.068536,-1702.473667,3370.820191
886.130238,-9030.512492,-1110.308913,1225.752797
886.130559,-8512.368333,-592.164754,0.000000
886.130880,-8808.450710,518.144159,766.095498
886.131200,-9548.656652,444.123565,1608.800546
886.131521,-9622.677246,0.000000,689.485948
886.131842,-8512.368333,74.020594,-1072.533697
886.132162,-8956.491898,444.123565,-306.438199
886.132483,-10436.903782,0.000000,2298.286494
886.132804,-10955.047942,-444.123565,2834.553343
886.133124,-9770.718434,-1924.535449,1991.848295
886.133445,-8512.368333,-962.267725,-612.876398
886.133766,-8586.388927,74.020594,-229.828649
886.134087,-9548.656652,74.020594,995.924147
886.134407,-9400.615463,-592.164754,919.314598
886.134728,-8882.471304,-1480.411884,-842.705048
886.135049,-8882.471304,-518.144159,-1225.752797
886.135369,-10362.883188,518.144159,1225.752797
886.135690,-11251.130318,370.102971,3600.648841
886.136011,-10955.047942,-518.144159,3524.039291
886.136331,-9770.718434,-1184.329507,2068.457845
886.136652,-8808.450710,-962.267725,689.485948
886.136973,-9474.636058,-666.185348,1608.800546
886.137294,-9992.780217,-222.061783,1532.190996
886.137614,-8586.388927,-740.205942,153.219100
886.137935,-8512.368333,296.082377,-153.219100
886.138256,-9326.594869,1554.432478,1072.533697
886.138576,-10807.006753,962.267725,6205.373534
886.138897,-11029.068536,-592.164754,3600.648841
886.139218,-10140.821405,-1776.494261,1149.143247
886.139538,-9252.574275,-814.226536,459.657299
886.139859,-9696.697840,-518.144159,1302.362347
886.140180,-9326.594869,-296.082377,2374.896044
886.140501,-9474.636058,-1480.411884,306.438199
886.140821,-8660.409521,-1480.411884,-1149.143247
886.141142,-8808.450710,-222.061783,-919.314598
886.141463,-9474.636058,1406.391290,2145.067394
886.141783,-11177.109724,518.144159,3447.429741
886.142104,-10658.965565,-148.041188,2834.553343
886.142425,-9400.615463,-1184.329507,766.095498
886.142745,-9252.574275,-370.102971,153.219100
886.143066,-9844.739029,-370.102971,1455.581446
886.143387,-9474.636058,-888.247130,2068.457845
886.143708,-9030.512492,-888.247130,153.219100
886.144028,-8512.368333,370.102971,229.828649
886.144349,-9474.636058,814.226536,2145.067394
886.144670,-10955.047942,444.123565,3677.258390
886.144990,-11621.233289,-666.185348,3753.867940
886.145311,-9770.718434,-814.226536,1608.800546
886.145632,-9474.636058,0.000000,0.000000
886.145952,-9326.594869,888.247130,919.314598
886.146273,-9622.677246,814.226536,1225.752797
886.146594,-8956.491898,74.020594,-766.095498
886.146915,-8364.327145,0.000000,-2604.724693
886.147235,-8734.430116,74.020594,-1915.238745
886.147556,-9770.718434,370.102971,842.705048
886.147877,-11621.233289,-1184.329507,2681.334243
886.148197,-9992.780217,-1702.473667,1838.629195
886.148518,-9474.636058,-1702.473667,1225.752797
886.148839,-9178.553681,-296.082377,919.314598
886.149159,-10066.800811,74.020594,1915.238745
886.149480,-9992.780217,-370.102971,1455.581446
886.149801,-7476.080014,0.000000,-1378.971896
886.150122,-8364.327145,1110.308913,-1608.800546
886.150442,-9696.697840,1924.535449,536.266849
886.150763,-10732.986159,444.123565,2451.505594
886.151084,-10584.944971,-1184.329507,3753.867940
886.151404,-9548.656652,-1258.350101,536.266849
886.151725,-8956.491898,-296.082377,229.828649
886.152046,-9770.718434,-222.061783,1762.019645
886.152366,-10288.862594,-518.144159,2298.286494
886.152687,-9326.594869,-1332.370696,383.047749
886.153008,-8364.327145,-1110.308913,-1225.752797
886.153329,-9252.574275,0.000000,0.000000
886.153649,-10807.006753,0.000000,2451.505594
886.153970,-10732.986159,-296.082377,2834.553343
886.154291,-9770.718434,-1332.370696,1838.629195
886.154611,-9104.533087,-1036.288319,1149.143247
886.154932,-9622.677246,-444.123565,1991.848295
886.155253,-10214.842000,-962.267725,3140.991542
886.155573,-9622.677246,-1110.308913,1991.848295
886.155894,-8882.471304,-296.082377,153.219100
886.156215,-8734.430116,814.226536,766.095498
886.156536,-10140.821405,814.226536,2374.896044
886.156856,-10584.944971,-518.144159,3064.381992
886.157177,-9474.636058,-1480.411884,1149.143247
886.157498,-8734.430116,-444.123565,0.000000
886.157818,-9400.615463,222.061783,306.438199
886.158139,-9844.739029,370.102971,2145.067394
886.158460,-9992.780217,-740.205942,2451.505594
886.158780,-8808.450710,-2146.597232,0.000000
886.159101,-9104.533087,-1554.432478,-536.266849
886.159422,-10066.800811,-1480.411884,76.609550
886.159743,-10436.903782,-740.205942,2604.724693
886.160063,-10658.965565,-666.185348,2834.553343
886.160384,-9178.553681,-518.144159,1455.581446
886.160705,-9326.594869,-222.061783,766.095498
886.161025,-9844.739029,-740.205942,1762.019645
886.161346,-9474.636058,-1110.308913,1991.848295
886.161667,-9474.636058,-1776.494261,306.438199
886.161987,-8956.491898,-740.205942,-1225.752797
886.162308,-9030.512492,1184.329507,0.000000
886.162629,-10436.903782,1036.288319,1455.581446
886.162950,-10362.883188,296.082377,2604.724693
886.163270,-10066.800811,-1850.514855,842.705048
886.163591,-9178.553681,-1776.494261,-995.924147
886.163912,-9474.636058,-1258.350101,229.828649
886.164232,-9770.718434,-666.185348,995.924147
886.164553,-9474.636058,-888.247130,459.657299
886.164874,-9178.553681,-296.082377,-995.924147
886.165194,-8808.450710,148.041188,-1532.190996
886.165515,-10066.800811,666.185348,612.876398
886.165836,-11399.171507,0.000000,2604.724693
886.166157,-10584.944971,-740.205942,2298.286494
886.166477,-9474.636058,-962.267725,306.438199
886.166798,-8882.471304,74.020594,612.876398
886.167119,-9400.615463,0.000000,1302.362347
886.167439,-9178.553681,-370.102971,1225.752797
886.167760,-8660.409521,-444.123565,153.219100
886.168081,-8808.450710,888.247130,-383.047749
886.168401,-9844.739029,1480.411884,1608.800546
886.168722,-10732.986159,1332.370696,3753.867940
886.169043,-10807.006753,-592.164754,3140.991542
886.169364,-9844.739029,-1406.391290,1302.362347
886.169684,-9400.615463,-1184.329507,383.047749
886.170005,-9252.574275,-518.144159,1302.362347
886.170326,-9844.739029,-1406.391290,1378.971896
886.170646,-8808.450710,-1480.411884,153.219100
886.170967,-8882.471304,-1184.329507,-1532.190996
886.171288,-9030.512492,814.226536,-459.657299
886.171608,-10732.986159,1776.494261,2451.505594
886.171929,-11325.150913,962.267725,2298.286494
886.172250,-9992.780217,-666.185348,1915.238745
886.172571,-9770.718434,-666.185348,995.924147
886.172891,-9400.615463,-222.061783,1378.971896
886.173212,-9548.656652,-370.102971,2298.286494
886.173533,-9474.636058,-592.164754,1685.410096
886.173853,-8882.471304,-296.082377,-306.438199
886.174174,-8808.450710,1480.411884,-76.609550
886.174495,-10288.862594,1554.432478,2068.457845
886.174815,-10214.842000,1036.288319,2757.943793
886.175136,-10436.903782,-962.267725,2374.896044
886.175457,-9178.553681,-1184.329507,612.876398
886.175778,-8956.491898,-222.061783,842.705048
886.176098,-10288.862594,740.205942,2145.067394
886.176419,-9548.656652,-296.082377,1915.238745
886.176740,-8956.491898,-1184.329507,229.828649
886.177060,-8586.388927,-814.226536,-1225.752797
886.177381,-9400.615463,444.123565,153.219100
886.177702,-10066.800811,0.000000,1991.848295
886.178022,-10362.883188,-1332.370696,2451.505594
886.178343,-9770.718434,-1628.453072,1532.190996
886.178664,-8882.471304,-1184.329507,306.438199
886.178985,-9474.636058,444.123565,1225.752797
886.179305,-9844.739029,370.102971,2451.505594
886.179626,-9400.615463,0.000000,1838.629195
886.179947,-9252.574275,-814.226536,-459.657299
886.180267,-8808.450710,592.164754,76.609550
886.180588,-9918.759623,-370.102971,1302.362347
886.180909,-10214.842000,0.000000,2528.115143
886.181229,-10436.903782,-1554.432478,2221.676944
886.181550,-9178.553681,-1258.350101,0.000000
886.181871,-9622.677246,148.041188,536.266849
886.182192,-10140.821405,74.020594,1685.410096
886.182512,-9992.780217,-518.144159,1762.019645
886.182833,-9844.739029,-592.164754,76.609550
886.183154,-8882.471304,-222.061783,-1302.362347
886.183474,-9030.512492,444.123565,-229.828649
886.183795,-10288.862594,0.000000,1915.238745
886.184116,-10436.903782,296.082377,1915.238745
886.184437,-9548.656652,-2072.576638,153.219100
886.184757,-8290.306550,-518.144159,0.000000
886.185078,-9474.636058,0.000000,1455.581446
886.185399,-10362.883188,-740.205942,2451.505594
886.185719,-9992.780217,-1184.329507,2298.286494
886.186040,-9178.553681,0.000000,766.095498
886.186361,-9918.759623,444.123565,1225.752797
886.186682,-10066.800811,0.000000,2604.724693
886.187002,-10362.883188,-962.267725,3217.601092
886.187323,-9030.512492,-2368.659014,1685.410096
886.187644,-8512.368333,-666.185348,0.000000
886.187964,-9622.677246,-962.267725,1532.190996
886.188285,-9400.615463,-1110.308913,1685.410096
886.188606,-9178.553681,-1850.514855,1225.752797
886.188927,-9918.759623,-1332.370696,-153.219100
886.189247,-8364.327145,0.000000,229.828649
886.189568,-9548.656652,518.144159,1455.581446
886.189889,-11029.068536,0.000000,3677.258390
886.190209,-8660.409521,-1850.514855,919.314598
886.190530,-9696.697840,-888.247130,306.438199
886.190851,-7994.224174,148.041188,-612.876398
886.191172,-8808.450710,666.185348,-229.828649
886.191492,-9474.636058,74.020594,842.705048
886.191813,-8364.327145,-444.123565,-536.266849
886.192134,-9252.574275,148.041188,-995.924147
886.192454,-11029.068536,962.267725,1991.848295
886.192775,-11103.089130,444.123565,3524.039291
886.193096,-11843.295072,-518.144159,4136.915689
886.193417,-10584.944971,-740.205942,2068.457845
886.193737,-8734.430116,-148.041188,153.219100
886.194058,-9400.615463,-444.123565,766.095498
886.194379,-8882.471304,-666.185348,1532.190996
886.194699,-8364.327145,-1184.329507,-612.876398
886.195020,-8290.306550,-1332.370696,-2221.676944
886.195341,-9030.512492,370.102971,-766.095498
886.195662,-10881.027347,1702.473667,306.438199
886.195982,-11547.212695,74.020594,3140.991542
886.196303,-10658.965565,-740.205942,2451.505594
886.196624,-9918.759623,-1332.370696,1072.533697
886.196944,-9622.677246,-1332.370696,995.924147
886.197265,-10214.842000,-666.185348,2451.505594
886.197586,-9770.718434,-1184.329507,1149.143247
886.197907,-8956.491898,-888.247130,-383.047749
886.198227,-7994.224174,1332.370696,-766.095498
886.198548,-9548.656652,2294.638420,1225.752797
886.198869,-10881.027347,1258.350101,3140.991542
886.199189,-10140.821405,-296.082377,2604.724693
886.199510,-9252.574275,-1554.432478,229.828649
886.199831,-9992.780217,1628.453072,76.609550
886.200152,-9474.636058,518.144159,1838.629195
886.200472,-9918.759623,222.061783,2604.724693
886.200793,-8882.471304,-296.082377,689.485948
886.201114,-8734.430116,0.000000,-842.705048
886.201434,-9474.636058,74.020594,0.000000
886.201755,-10732.986159,370.102971,2681.334243
886.202076,-11029.068536,-962.267725,3677.258390
886.202397,-9844.739029,-1554.432478,1991.848295
886.202717,-8734.430116,-666.185348,383.047749
886.203038,-9030.512492,0.000000,995.924147
886.203359,-9770.718434,0.000000,1838.629195
886.203679,-9326.594869,-1184.329507,1455.581446
886.204000,-8586.388927,-1184.329507,-1838.629195
886.204321,-8660.409521,-148.041188,-306.438199
886.204642,-10214.842000,0.000000,2221.676944
886.204962,-11251.130318,148.041188,3983.696590
886.205283,-10510.924376,-222.061783,2451.505594
886.205604,-9326.594869,-370.102971,536.266849
886.205925,-8438.347739,444.123565,153.219100
886.206245,-9622.677246,-370.102971,1149.143247
886.206566,-9696.697840,-1258.350101,842.705048
886.206887,-9178.553681,-1184.329507,-459.657299
886.207207,-8808.450710,-370.102971,-1838.629195
886.207528,-9918.759623,296.082377,-383.047749
886.207849,-10955.047942,444.123565,3217.601092
886.208170,-10807.006753,-1776.494261,1378.971896
886.208490,-9844.739029,-1628.453072,1455.581446
886.208811,-9474.636058,-1110.308913,459.657299
886.209132,-9030.512492,222.061783,1378.971896
886.209452,-10140.821405,814.226536,2221.676944
886.209773,-9252.574275,666.185348,1225.752797
886.210094,-8364.327145,518.144159,-689.485948
886.210415,-8364.327145,888.247130,0.000000
886.210735,-9918.759623,-148.041188,1991.848295
886.211056,-10510.924376,-2072.576638,3907.087040
886.211377,-10214.842000,-2146.597232,2145.067394
886.211697,-9474.636058,-518.144159,1072.533697
886.212018,-9992.780217,666.185348,1532.190996
886.212339,-10584.944971,-148.041188,3753.867940
886.212660,-10066.800811,-1258.350101,1608.800546
886.212980,-8882.471304,-1480.411884,-1225.752797
886.213301,-8512.368333,-592.164754,-2145.067394
886.213622,-9326.594869,888.247130,153.219100
886.213942,-10140.821405,148.041188,1838.629195
886.214263,-9992.780217,-1480.411884,1378.971896
886.214584,-8734.430116,-1554.432478,0.000000
886.214905,-8956.491898,-1776.494261,0.000000
886.215225,-9992.780217,-1850.514855,1378.971896
886.215546,-9918.759623,-740.205942,2451.505594
886.215867,-9474.636058,-370.102971,995.924147
886.216187,-8586.388927,370.102971,-919.314598
886.216508,-8882.471304,1702.473667,-612.876398
886.216829,-10658.965565,1332.370696,2068.457845
886.217150,-10066.800811,518.144159,2374.896044
886.217470,-9622.677246,-666.185348,612.876398
886.217791,-9030.512492,-666.185348,-153.219100
886.218112,-9178.553681,0.000000,536.266849
886.218432,-9844.739029,-666.185348,2298.286494
886.218753,-10140.821405,-1480.411884,1378.971896
886.219074,-9178.553681,-444.123565,153.219100
886.219395,-9992.780217,1036.288319,459.657299
886.219715,-10066.800811,1036.288319,2374.896044
886.220036,-11029.068536,-148.041188,3600.648841
886.220357,-9622.677246,-1110.308913,2374.896044
886.220677,-9252.574275,-1184.329507,919.314598
886.220998,-8660.409521,-148.041188,0.000000
886.221319,-9770.718434,-148.041188,1685.410096
886.221640,-10214.842000,-1036.288319,1455.581446
886.221960,-9326.594869,-962.267725,-306.438199
886.222281,-9548.656652,74.020594,0.000000
886.222602,-9696.697840,592.164754,919.314598
886.222922,-11103.089130,370.102971,2911.162892
886.223243,-11177.109724,-962.267725,2221.676944
886.223564,-8882.471304,-1110.308913,-306.438199
886.223885,-8364.327145,-1702.473667,-459.657299
886.224205,-8586.388927,-222.061783,842.705048
886.224526,-9992.780217,-1406.391290,1302.362347
886.224847,-8882.471304,-814.226536,229.828649
886.225167,-9844.739029,222.061783,-612.876398
886.225488,-9326.594869,1036.288319,919.314598
886.225809,-10881.027347,370.102971,2451.505594
886.226130,-10881.027347,-518.144159,3217.601092
886.226450,-10140.821405,-1036.288319,1838.629195
886.226771,-8882.471304,-814.226536,76.609550
886.227092,-8808.450710,0.000000,689.485948
886.227412,-9548.656652,-888.247130,1225.752797
886.227733,-8808.450710,-1184.329507,383.047749
886.228054,-8290.306550,-370.102971,-842.705048
886.228375,-8586.388927,962.267725,-766.095498
886.228695,-10436.903782,1406.391290,1532.190996
886.229016,-11325.150913,0.000000,3064.381992
886.229337,-10362.883188,-1332.370696,1838.629195
886.229657,-9474.636058,-814.226536,0.000000
886.229978,-9178.553681,74.020594,842.705048
886.230299,-9844.739029,74.020594,1991.848295
886.230620,-10066.800811,-1184.329507,1915.238745
886.230940,-8734.430116,-1480.411884,-229.828649
886.231261,-8808.450710,-1110.308913,-1455.581446
886.231582,-9178.553681,518.144159,306.438199
886.231903,-11325.150913,-296.082377,2681.334243
886.232223,-10510.924376,-444.123565,3294.210641
886.232544,-9622.677246,-518.144159,919.314598
886.232865,-9400.615463,370.102971,919.314598
886.233185,-9770.718434,222.061783,1608.800546
886.233506,-10066.800811,0.000000,3064.381992
886.233827,-9622.677246,-370.102971,1149.143247
886.234148,-8512.368333,74.020594,-1302.362347
886.234468,-9400.615463,1776.494261,459.657299
886.234789,-10584.944971,962.267725,2221.676944
886.235110,-10140.821405,-148.041188,2987.772442
886.235430,-10288.862594,-1480.411884,1762.019645
886.235751,-8734.430116,-962.267725,76.609550
886.236072,-9400.615463,-296.082377,1149.143247
886.236393,-9696.697840,-740.205942,2451.505594
886.236713,-9104.533087,-962.267725,2068.457845
886.237034,-8290.306550,-1258.350101,-383.047749
886.237355,-8660.409521,-296.082377,-306.438199
886.237675,-9696.697840,1258.350101,1608.800546
886.237996,-10510.924376,-296.082377,3370.820191
886.238317,-10066.800811,-962.267725,2528.115143
886.238638,-9030.512492,-1036.288319,383.047749
886.238958,-8734.430116,-370.102971,766.095498
886.239279,-9474.636058,74.020594,1991.848295
886.239600,-9474.636058,-592.164754,1915.238745
886.239920,-9104.533087,-740.205942,153.219100
886.240241,-7698.141797,1332.370696,-459.657299
886.240562,-9696.697840,518.144159,0.000000
886.240883,-10288.862594,1406.391290,3064.381992
886.241203,-10881.027347,-592.164754,3064.381992
886.241524,-9622.677246,-2220.617826,306.438199
886.241845,-8438.347739,518.144159,842.705048
886.242165,-9992.780217,0.000000,1302.362347
886.242486,-9474.636058,518.144159,1455.581446
886.242807,-9918.759623,-962.267725,536.266849
886.243128,-8808.450710,-888.247130,-1302.362347
886.243448,-9326.594869,0.000000,-1149.143247
886.243769,-10584.944971,518.144159,1455.581446
886.244090,-11029.068536,148.041188,3370.820191
886.244410,-10732.986159,-888.247130,2374.896044
886.244731,-9918.759623,-1332.370696,1225.752797
886.245052,-9104.533087,-296.082377,1149.143247
886.245373,-9992.780217,-962.267725,1455.581446
886.245693,-9178.553681,-1258.350101,995.924147
886.246014,-9548.656652,-740.205942,-689.485948
886.246335,-9178.553681,666.185348,-306.438199
886.246655,-9918.759623,296.082377,1302.362347
886.246976,-10807.006753,-296.082377,3064.381992
886.247297,-10658.965565,-1924.535449,1838.629195
886.247618,-9696.697840,-1332.370696,306.438199
886.247938,-8882.471304,-222.061783,229.828649
886.248259,-9104.533087,74.020594,1225.752797
886.248580,-9844.739029,-592.164754,1838.629195
886.248900,-8734.430116,-962.267725,536.266849
886.249221,-9030.512492,-740.205942,-612.876398
886.249542,-9474.636058,-444.123565,612.876398
886.249863,-9844.739029,-444.123565,1991.848295
886.250183,-11325.150913,-370.102971,3600.648841
886.250504,-9474.636058,-1110.308913,1762.019645
886.250825,-8956.491898,-814.226536,536.266849
886.251145,-9252.574275,148.041188,1149.143247
886.251466,-9696.697840,-444.123565,1608.800546
886.251787,-9622.677246,-814.226536,1532.190996
886.252108,-9252.574275,-740.205942,76.609550
886.252428,-9178.553681,0.000000,383.047749
886.252749,-10140.821405,222.061783,1532.190996
886.253070,-9844.739029,0.000000,3447.429741
886.253390,-9474.636058,-1184.329507,842.705048
886.253711,-8586.388927,-1184.329507,-995.924147
886.254032,-8586.388927,222.061783,-995.924147
886.254353,-9474.636058,444.123565,612.876398
886.254673,-9178.553681,-518.144159,689.485948
886.254994,-9252.574275,-1258.350101,0.000000
886.255315,-9400.615463,-888.247130,-383.047749
886.255635,-10436.903782,222.061783,1685.410096
886.255956,-11621.233289,74.020594,4136.915689
886.256277,-11399.171507,-296.082377,4060.306139
886.256598,-10658.965565,-740.205942,2757.943793
886.256918,-9252.574275,-370.102971,842.705048
886.257239,-8586.388927,-296.082377,1149.143247
886.257560,-9326.594869,-518.144159,689.485948
886.257881,-8808.450710,-518.144159,0.000000
886.258201,-8364.327145,222.061783,-1762.019645
886.258522,-8660.409521,1480.411884,306.438199
886.258843,-10288.862594,1924.535449,1685.410096
886.259163,-11251.130318,740.205942,3294.210641
886.259484,-10362.883188,-518.144159,2068.457845
886.259805,-9622.677246,-74.020594,1302.362347
886.260126,-9844.739029,222.061783,1072.533697
886.260446,-9992.780217,0.000000,2374.896044
886.260767,-9844.739029,-814.226536,2068.457845
886.261088,-9104.533087,-1554.432478,0.000000
886.261408,-8808.450710,-444.123565,-1072.533697
886.261729,-9770.718434,444.123565,689.485948
886.262050,-10214.842000,370.102971,2451.505594
886.262371,-10214.842000,-222.061783,2757.943793
886.262691,-8956.491898,-518.144159,1225.752797
886.263012,-9178.553681,-148.041188,1072.533697
886.263333,-9474.636058,0.000000,2221.676944
886.263653,-9918.759623,-888.247130,2451.505594
886.263974,-9252.574275,-1036.288319,919.314598
886.264295,-8586.388927,0.000000,-306.438199
886.264616,-9252.574275,1184.329507,919.314598
886.264936,-10584.944971,1036.288319,2911.162892
886.265257,-10362.883188,-222.061783,2911.162892
886.265578,-9992.780217,-1110.308913,1149.143247
886.265898,-9252.574275,0.000000,-766.095498
886.266219,-9178.553681,518.144159,0.000000
886.266540,-9548.656652,0.000000,612.876398
886.266861,-9178.553681,296.082377,1455.581446
886.267181,-9030.512492,-1924.535449,-1302.362347
886.267502,-8882.471304,-518.144159,-995.924147
886.267823,-10510.924376,0.000000,1149.143247
886.268143,-11399.171507,-740.205942,3907.087040
886.268464,-10807.006753,-370.102971,2681.334243
886.268785,-9696.697840,-370.102971,1685.410096
886.269106,-8882.471304,-222.061783,612.876398
886.269426,-9400.615463,0.000000,2145.067394
886.269747,-9622.677246,-1184.329507,1149.143247
886.270068,-8512.368333,-1110.308913,-306.438199
886.270388,-8586.388927,-148.041188,-1455.581446
886.270709,-8956.491898,814.226536,383.047749
886.271030,-11029.068536,740.205942,2757.943793
886.271351,-10658.965565,-296.082377,2451.505594
886.271671,-10436.903782,-1554.432478,995.924147
886.271992,-9252.574275,-592.164754,0.000000
886.272313,-9548.656652,-888.247130,-229.828649
886.272633,-9844.739029,-1480.411884,1378.971896
886.272954,-9326.594869,-1702.473667,612.876398
886.273275,-8660.409521,-814.226536,-1072.533697
886.273596,-9474.636058,814.226536,76.609550
886.273916,-9992.780217,740.205942,2451.505594
886.274237,-10436.903782,-444.123565,3370.820191
886.274558,-10362.883188,-1850.514855,2298.286494
886.274878,-9104.533087,-1776.494261,459.657299
886.275199,-8808.450710,-740.205942,1991.848295
886.275520,-9548.656652,-962.267725,2374.896044
886.275841,-8882.471304,-1110.308913,1302.362347
886.276161,-9400.615463,-444.123565,-229.828649
886.276482,-8142.265362,1628.453072,-1455.581446
886.276803,-9622.677246,1628.453072,919.314598
886.277123,-9992.780217,296.082377,2221.676944
886.277444,-9992.780217,-740.205942,1838.629195
886.277765,-9770.718434,-1110.308913,153.219100
886.278086,-8364.327145,-370.102971,536.266849
886.278406,-9992.780217,-888.247130,2068.457845
886.278727,-10140.821405,-962.267725,2604.724693
886.279048,-10288.862594,-1776.494261,1302.362347
886.279368,-9918.759623,0.000000,383.047749
886.279689,-9844.739029,666.185348,1378.971896
886.280010,-10732.986159,666.185348,2987.772442
886.280331,-10584.944971,0.000000,2911.162892
886.280651,-9400.615463,-888.247130,1149.143247
886.280972,-8364.327145,0.000000,0.000000
886.281293,-9030.512492,-518.144159,383.047749
886.281613,-9252.574275,-814.226536,842.705048
886.281934,-9474.636058,-1184.329507,229.828649
886.282255,-8882.471304,-518.144159,-1149.143247
886.282576,-9178.553681,1036.288319,-306.438199
886.282896,-10584.944971,592.164754,1302.362347
886.283217,-10881.027347,222.061783,2604.724693
886.283538,-10288.862594,-1184.329507,1915.238745
886.283858,-9030.512492,-1184.329507,-306.438199
886.284179,-8586.388927,-740.205942,-842.705048
886.284500,-9326.594869,-370.102971,459.657299
886.284821,-9326.594869,-592.164754,689.485948
886.285141,-9104.533087,-666.185348,-612.876398
886.285462,-8882.471304,74.020594,-689.485948
886.285783,-10066.800811,1110.308913,919.314598
886.286104,-11177.109724,370.102971,2834.553343
886.286424,-10658.965565,-518.144159,2911.162892
886.286745,-9474.636058,-1110.308913,1072.533697
886.287066,-8882.471304,-370.102971,76.609550
886.287386,-9400.615463,0.000000,919.314598
886.287707,-8882.471304,-518.144159,2528.115143
886.288028,-8808.450710,-666.185348,229.828649
886.288348,-8734.430116,74.020594,-536.266849
886.288669,-9474.636058,1036.288319,766.095498
886.288990,-10955.047942,666.185348,3447.429741
886.289311,-11325.150913,-518.144159,3983.696590
886.289631,-10140.821405,-1406.391290,2221.676944
886.289952,-9474.636058,-888.247130,842.705048
886.290273,-9030.512492,148.041188,1302.362347
886.290593,-9548.656652,0.000000,2068.457845
886.290914,-9030.512492,-666.185348,1378.971896
886.291235,-8808.450710,-1184.329507,-689.485948
886.291555,-7994.224174,888.247130,0.000000
886.291876,-11917.315666,-888.247130,-306.438199
886.292197,-9252.574275,1258.350101,3140.991542
886.292518,-11843.295072,-1480.411884,1991.848295
886.292838,-9474.636058,148.041188,2528.115143
886.293159,-8586.388927,0.000000,1225.752797
886.293480,-10807.006753,518.144159,3370.820191
886.293800,-9178.553681,-222.061783,1762.019645
886.294121,-9252.574275,-296.082377,459.657299
886.294442,-9178.553681,1110.308913,766.095498
886.294762,-8142.265362,1258.350101,0.000000
886.295083,-10732.986159,1776.494261,2911.162892
886.295404,-10288.862594,-518.144159,2757.943793
886.295725,-8438.347739,-1406.391290,-383.047749
886.296045,-9252.574275,-444.123565,536.266849
886.296366,-9326.594869,-296.082377,995.924147
886.296687,-9474.636058,-1036.288319,1072.533697
886.297007,-9696.697840,-1924.535449,306.438199
886.297328,-8586.388927,-1776.494261,-2221.676944
886.297649,-8512.368333,222.061783,-919.314598
886.297969,-10807.006753,74.020594,1378.971896
886.298290,-10214.842000,0.000000,3064.381992
886.298611,-10288.862594,-666.185348,1991.848295
886.298932,-9474.636058,-888.247130,612.876398
886.299252,-9548.656652,0.000000,1455.581446
886.299573,-9326.594869,-1036.288319,1685.410096
886.299894,-9326.594869,-1036.288319,1225.752797
886.300214,-8438.347739,-592.164754,-689.485948
886.300535,-8734.430116,444.123565,-1149.143247
886.300856,-9474.636058,1924.535449,1838.629195
886.301177,-11029.068536,740.205942,2604.724693
886.301497,-9696.697840,0.000000,1838.629195
886.301818,-9992.780217,-1110.308913,842.705048
886.302139,-8882.471304,296.082377,153.219100
886.302459,-10658.965565,-666.185348,1378.971896
886.302780,-9770.718434,-814.226536,1149.143247
886.303101,-8660.409521,0.000000,153.219100
886.303421,-9548.656652,-962.267725,-1072.533697
886.303742,-9030.512492,1406.391290,76.609550
886.304063,-11621.233289,-518.144159,2451.505594
886.304384,-10362.883188,-1258.350101,2911.162892
886.304704,-9844.739029,-1702.473667,1762.019645
886.305025,-9474.636058,-1332.370696,459.657299
886.305346,-9400.615463,-148.041188,1915.238745
886.305666,-9548.656652,0.000000,2145.067394
886.305987,-9252.574275,-444.123565,1378.971896
886.306308,-8882.471304,-148.041188,-612.876398
886.306628,-9326.594869,1036.288319,0.000000
886.306949,-9770.718434,1110.308913,1838.629195
886.307270,-11029.068536,148.041188,2987.772442
886.307591,-9548.656652,-1036.288319,1838.629195
886.307911,-9400.615463,-962.267725,229.828649
886.308232,-9178.553681,-296.082377,842.705048
886.308553,-9992.780217,-296.082377,1762.019645
886.308873,-9548.656652,-1110.308913,2145.067394
886.309194,-9178.553681,-1998.556043,306.438199
886.309515,-8364.327145,-1184.329507,-1455.581446
886.309835,-9770.718434,592.164754,306.438199
886.310156,-10436.903782,222.061783,2604.724693
886.310477,-10362.883188,-444.123565,2757.943793
886.310798,-9548.656652,-1924.535449,1072.533697
886.311118,-8216.285956,-1258.350101,0.000000
886.311439,-9474.636058,-740.205942,1225.752797
886.311760,-9622.677246,-814.226536,2221.676944
886.312080,-8956.491898,-888.247130,766.095498
886.312401,-8364.327145,0.000000,-842.705048
886.312722,-8734.430116,2368.659014,76.609550
886.313042,-10140.821405,1628.453072,2451.505594
886.313363,-10955.047942,444.123565,3140.991542
886.313684,-10584.944971,-1110.308913,1455.581446
886.314005,-9178.553681,-1332.370696,0.000000
886.314325,-9400.615463,-444.123565,229.828649
886.314646,-9844.739029,-592.164754,1378.971896
886.314967,-9548.656652,-814.226536,919.314598
886.315287,-9178.553681,-1184.329507,-536.266849
886.315608,-8882.471304,-222.061783,-842.705048
886.315929,-9844.739029,148.041188,995.924147
886.316249,-10955.047942,-444.123565,2528.115143
886.316570,-10510.924376,-962.267725,2068.457845
886.316891,-9474.636058,-740.205942,153.219100
886.317212,-9178.553681,-74.020594,383.047749
886.317532,-9770.718434,0.000000,1532.190996
886.317853,-10214.842000,-222.061783,2374.896044
886.318174,-10214.842000,-370.102971,0.000000
886.318494,-9474.636058,370.102971,536.266849
886.318815,-10140.821405,296.082377,1302.362347
886.319136,-10214.842000,74.020594,2604.724693
886.319456,-10510.924376,-1258.350101,2068.457845
886.319777,-8808.450710,-1332.370696,0.000000
886.320098,-8068.244768,74.020594,-306.438199
886.320419,-9030.512492,296.082377,766.095498
886.320739,-9178.553681,-222.061783,1225.752797
886.321060,-9474.636058,-1776.494261,0.000000
886.321381,-9104.533087,-888.247130,-689.485948
886.321701,-9104.533087,296.082377,-229.828649
886.322022,-10510.924376,740.205942,2374.896044
886.322343,-10510.924376,0.000000,4060.306139
886.322664,-9696.697840,-1258.350101,1915.238745
886.322984,-9400.615463,-1332.370696,612.876398
886.323305,-8882.471304,-518.144159,766.095498
886.323626,-9622.677246,0.000000,1838.629195
886.323946,-10066.800811,-444.123565,1608.800546
886.324267,-9030.512492,0.000000,153.219100
886.324588,-8882.471304,518.144159,-536.266849
886.324908,-9548.656652,814.226536,919.314598
886.325229,-10807.006753,0.000000,2451.505594
886.325550,-10362.883188,-814.226536,1685.410096
886.325871,-9474.636058,-814.226536,-459.657299
886.326191,-8734.430116,740.205942,-1149.143247
886.326512,-9252.574275,1184.329507,-383.047749
886.326833,-9548.656652,370.102971,919.314598
886.327153,-9474.636058,0.000000,306.438199
886.327474,-9770.718434,-740.205942,-383.047749
886.327795,-9770.718434,-444.123565,1455.581446
886.328115,-11103.089130,-1110.308913,3753.867940
886.328436,-11251.130318,-1850.514855,4443.353888
886.328757,-10510.924376,-1998.556043,2681.334243
886.329078,-8660.409521,-1480.411884,919.314598
886.329398,-8290.306550,-888.247130,536.266849
886.329719,-9474.636058,-740.205942,1685.410096
886.330040,-8956.491898,-1036.288319,229.828649
886.330360,-8438.347739,-222.061783,-689.485948
886.330681,-9326.594869,2220.617826,-612.876398
886.331002,-10214.842000,1776.494261,2604.724693
886.331322,-11695.253884,370.102971,4060.306139
886.331643,-10658.965565,-1184.329507,3140.991542
886.331964,-9252.574275,-1924.535449,689.485948
886.332285,-9326.594869,-740.205942,612.876398
886.332605,-9326.594869,0.000000,1608.800546
886.332926,-9252.574275,-296.082377,1302.362347
886.333247,-8512.368333,-518.144159,-536.266849
886.333567,-8364.327145,222.061783,-995.924147
886.333888,-9400.615463,222.061783,-229.828649
886.334209,-10955.047942,0.000000,2681.334243
886.334529,-11325.150913,-888.247130,3447.429741
886.334850,-10658.965565,-1184.329507,1838.629195
886.335171,-9548.656652,-1554.432478,919.314598
886.335492,-9474.636058,-222.061783,1762.019645
886.335812,-10288.862594,-592.164754,2221.676944
886.336133,-9326.594869,-444.123565,919.314598
886.336454,-8068.244768,148.041188,-1532.190996
886.336774,-8512.368333,444.123565,-689.485948
886.337095,-9622.677246,1332.370696,1225.752797
886.337416,-11251.130318,0.000000,3294.210641
886.337736,-10510.924376,-1258.350101,1225.752797
886.338057,-9474.636058,-814.226536,766.095498
886.338378,-9474.636058,0.000000,995.924147
886.338699,-10214.842000,0.000000,1915.238745
886.339019,-10066.800811,74.020594,1225.752797
886.339340,-9252.574275,-962.267725,76.609550
886.339661,-8438.347739,-222.061783,-1302.362347
886.339981,-9770.718434,296.082377,153.219100
886.340302,-11029.068536,222.061783,2757.943793
886.340623,-10140.821405,-666.185348,2451.505594
886.340943,-9548.656652,-740.205942,919.314598
886.341264,-8956.491898,-888.247130,536.266849
886.341585,-9770.718434,-962.267725,842.705048
886.341906,-9992.780217,-962.267725,1225.752797
886.342226,-9326.594869,-370.102971,0.000000
886.342547,-8882.471304,370.102971,-689.485948
886.342868,-9400.615463,1036.288319,689.485948
886.343188,-10881.027347,370.102971,2298.286494
886.343509,-10436.903782,-1924.535449,1762.019645
886.343830,-9400.615463,-2220.617826,306.438199
886.344151,-8882.471304,-740.205942,0.000000
886.344471,-9104.533087,0.000000,842.705048
886.344792,-9918.759623,0.000000,2374.896044
886.345113,-9622.677246,-296.082377,612.876398
886.345433,-9030.512492,-888.247130,-1378.971896
886.345754,-8438.347739,148.041188,-1225.752797
886.346075,-10214.842000,370.102971,995.924147
886.346395,-10658.965565,-962.267725,2451.505594
886.346716,-9548.656652,-1776.494261,1762.019645
886.347037,-9104.533087,-1702.473667,153.219100
886.347358,-8660.409521,-1036.288319,1225.752797
886.347678,-10436.903782,-370.102971,2374.896044
886.347999,-10658.965565,-370.102971,2451.505594
886.348320,-9474.636058,-444.123565,383.047749
886.348640,-9252.574275,148.041188,0.000000
886.348961,-9622.677246,1184.329507,1225.752797
886.349282,-10881.027347,0.000000,2451.505594
886.349602,-10288.862594,-444.123565,2451.505594
886.349923,-9178.553681,-814.226536,995.924147
886.350244,-8438.347739,-888.247130,-153.219100
886.350565,-9474.636058,-518.144159,842.705048
886.350885,-9696.697840,-444.123565,1685.410096
886.351206,-9178.553681,-444.123565,612.876398
886.351527,-8512.368333,444.123565,-1532.190996
886.351847,-9622.677246,1258.350101,153.219100
886.352168,-10807.006753,1036.288319,2221.676944
886.352489,-11399.171507,666.185348,2987.772442
886.352809,-10362.883188,-814.226536,1455.581446
886.353130,-9104.533087,-1554.432478,0.000000
886.353451,-8660.409521,-148.041188,0.000000
886.353772,-9918.759623,-296.082377,842.705048
886.354092,-9400.615463,444.123565,1302.362347
886.354413,-9104.533087,1184.329507,-536.266849
886.354734,-9400.615463,2442.679609,689.485948
886.355054,-11029.068536,1702.473667,2374.896044
886.355375,-11473.192101,888.247130,4596.572988
886.355696,-10658.965565,-1184.329507,3524.039291
886.356016,-8956.491898,-1628.453072,842.705048
886.356337,-8438.347739,-1480.411884,-306.438199
886.356658,-8290.306550,-518.144159,153.219100
886.356979,-8808.450710,-518.144159,459.657299
886.357299,-8364.327145,-518.144159,-459.657299
886.357620,-8734.430116,-296.082377,-459.657299
886.357941,-9918.759623,-222.061783,1302.362347
886.358261,-11029.068536,-518.144159,3217.601092
886.358582,-11103.089130,-1776.494261,3753.867940
886.358903,-9844.739029,-1924.535449,2451.505594
886.359223,-8882.471304,-1184.329507,1455.581446
886.359544,-9104.533087,-592.164754,1532.190996
886.359865,-8956.491898,-370.102971,3524.039291
886.360186,-8660.409521,-962.267725,459.657299
886.360506,-8216.285956,-148.041188,-995.924147
886.360827,-7920.203579,2072.576638,-383.047749
886.361148,-10510.924376,1554.432478,2298.286494
886.361468,-10214.842000,1554.432478,3907.087040
886.361789,-10510.924376,-1480.411884,2451.505594
886.362110,-9030.512492,-1924.535449,689.485948
886.362431,-9400.615463,-1628.453072,76.609550
886.362751,-9474.636058,-888.247130,459.657299
886.363072,-9178.553681,222.061783,383.047749
886.363393,-8882.471304,148.041188,-1378.971896
886.363713,-8734.430116,1406.391290,-1608.800546
886.364034,-10140.821405,0.000000,76.609550
886.364355,-10881.027347,-592.164754,2298.286494
886.364675,-11399.171507,-1850.514855,2451.505594
886.364996,-10288.862594,-2368.659014,842.705048
886.365317,-9326.594869,-592.164754,766.095498
886.365638,-9696.697840,-444.123565,1685.410096
886.365958,-9474.636058,-370.102971,1302.362347
886.366279,-9474.636058,-444.123565,0.000000
886.366600,-9030.512492,74.020594,-1608.800546
886.366920,-8808.450710,814.226536,-1149.143247
886.367241,-10510.924376,592.164754,1302.362347
886.367562,-10732.986159,-666.185348,1991.848295
886.367882,-10140.821405,-1850.514855,842.705048
886.368203,-9770.718434,-888.247130,-229.828649
886.368524,-9548.656652,-666.185348,995.924147
886.368845,-10214.842000,-740.205942,1915.238745
886.369165,-10288.862594,-666.185348,1532.190996
886.369486,-8956.491898,-962.267725,-612.876398
886.369807,-8512.368333,444.123565,-766.095498
886.370127,-9844.739029,222.061783,1455.581446
886.370448,-10362.883188,-962.267725,2757.943793
886.370769,-9844.739029,-1628.453072,2681.334243
886.371089,-8882.471304,-1110.308913,2145.067394
886.371410,-9030.512492,-444.123565,1225.752797
886.371731,-9548.656652,-296.082377,2145.067394
886.372052,-9178.553681,-148.041188,1608.800546
886.372372,-8216.285956,-222.061783,-1225.752797
886.372693,-8364.327145,444.123565,-919.314598
886.373014,-8882.471304,888.247130,689.485948
886.373334,-10066.800811,-148.041188,2451.505594
886.373655,-10436.903782,-2294.638420,2757.943793
886.373976,-9548.656652,-1998.556043,1149.143247
886.374296,-9326.594869,-962.267725,842.705048
886.374617,-9474.636058,0.000000,1455.581446
886.374938,-9548.656652,814.226536,2681.334243
886.375259,-9326.594869,-148.041188,1225.752797
886.375579,-8734.430116,-666.185348,0.000000
886.375900,-9252.574275,148.041188,459.657299
886.376221,-10066.800811,0.000000,2298.286494
886.376541,-10881.027347,0.000000,3447.429741
886.376862,-9992.780217,-666.185348,1685.410096
886.377183,-8956.491898,-592.164754,766.095498
886.377503,-9252.574275,148.041188,1149.143247
886.377824,-9770.718434,-370.102971,1685.410096
886.378145,-9844.739029,-666.185348,536.266849
886.378466,-9474.636058,-222.061783,-689.485948
886.378786,-9400.615463,888.247130,-842.705048
886.379107,-10214.842000,1406.391290,842.705048
886.379428,-10510.924376,888.247130,2681.334243
886.379748,-10955.047942,-1036.288319,1225.752797
886.380069,-9326.594869,-962.267725,0.000000
886.380390,-9548.656652,-1258.350101,0.000000
886.380710,-9548.656652,-444.123565,1455.581446
886.381031,-9770.718434,-962.267725,1915.238745
886.381352,-9030.512492,-740.205942,383.047749
886.381673,-9104.533087,518.144159,0.000000
886.381993,-9844.739029,1406.391290,383.047749
886.382314,-10584.944971,1184.329507,2528.115143
886.382635,-10436.903782,296.082377,2604.724693
886.382955,-9918.759623,-740.205942,919.314598
886.383276,-8586.388927,0.000000,76.609550
886.383597,-9474.636058,74.020594,1378.971896
886.383918,-9770.718434,-222.061783,1991.848295
886.384238,-9844.739029,-962.267725,1838.629195
886.384559,-9474.636058,-1036.288319,306.438199
886.384880,-9178.553681,74.020594,-689.485948
886.385200,-9918.759623,148.041188,2068.457845
886.385521,-10732.986159,296.082377,3064.381992
886.385842,-9992.780217,74.020594,1455.581446
886.386163,-8660.409521,814.226536,383.047749
886.386483,-8512.368333,962.267725,229.828649
886.386804,-9178.553681,518.144159,766.095498
886.387125,-9548.656652,-592.164754,995.924147
886.387445,-8956.491898,-1776.494261,-306.438199
886.387766,-7846.182985,-148.041188,-612.876398
886.388087,-9696.697840,74.020594,842.705048
886.388408,-10362.883188,0.000000,2604.724693
886.388728,-10510.924376,-962.267725,2528.115143
886.389049,-9622.677246,-1554.432478,1225.752797
886.389370,-9030.512492,-1332.370696,536.266849
886.389691,-9474.636058,-1776.494261,612.876398
886.390011,-9474.636058,-1776.494261,1455.581446
886.390332,-9252.574275,-1850.514855,229.828649
886.390653,-8438.347739,-962.267725,-612.876398
886.390973,-9622.677246,740.205942,383.047749
886.391294,-10955.047942,814.226536,3064.381992
886.391615,-11029.068536,-814.226536,3140.991542
886.391936,-9622.677246,-2072.576638,766.095498
886.392256,-9178.553681,-962.267725,-153.219100
886.392577,-8290.306550,-370.102971,-383.047749
886.392898,-9030.512492,-370.102971,76.609550
886.393219,-8586.388927,-592.164754,612.876398
886.393539,-8438.347739,-1258.350101,-1915.238745
886.393860,-9030.512492,0.000000,-612.876398
886.394181,-10510.924376,0.000000,1608.800546
886.394502,-11843.295072,0.000000,4290.134789
886.394822,-11695.253884,-1776.494261,3600.648841
886.395143,-10066.800811,-1110.308913,2068.457845
886.395464,-10140.821405,-1406.391290,1838.629195
886.395784,-9326.594869,-1258.350101,2068.457845
886.396105,-9918.759623,-2072.576638,766.095498
886.396426,-8734.430116,-1332.370696,-76.609550
886.396747,-7920.203579,0.000000,-1532.190996
886.397067,-8882.471304,1184.329507,229.828649
886.397388,-10362.883188,740.205942,2681.334243
886.397709,-10732.986159,0.000000,3064.381992
886.398030,-10510.924376,-962.267725,1991.848295
886.398350,-9474.636058,-370.102971,1072.533697
886.398671,-9844.739029,0.000000,1532.190996
886.398992,-10436.903782,-370.102971,2298.286494
886.399312,-9030.512492,-888.247130,612.876398
886.399633,-8660.409521,-222.061783,-1149.143247
886.399954,-8438.347739,1036.288319,-995.924147
886.400275,-10362.883188,1110.308913,1225.752797
886.400595,-10510.924376,74.020594,2911.162892
886.400916,-9992.780217,-962.267725,2145.067394
886.401237,-9474.636058,-1332.370696,1225.752797
886.401558,-9474.636058,-666.185348,2145.067394
886.401878,-10362.883188,-592.164754,2681.334243
886.402199,-9918.759623,-1036.288319,1608.800546
886.402520,-8660.409521,-370.102971,-383.047749
886.402841,-9400.615463,740.205942,-689.485948
886.403161,-9326.594869,1332.370696,1302.362347
886.403482,-10066.800811,740.205942,2068.457845
886.403803,-10214.842000,-1110.308913,1378.971896
886.404123,-9030.512492,-666.185348,-306.438199
886.404444,-9400.615463,-666.185348,-383.047749
886.404765,-9474.636058,518.144159,766.095498
886.405086,-10066.800811,74.020594,1225.752797
886.405406,-9252.574275,-370.102971,-306.438199
886.405727,-9252.574275,888.247130,459.657299
886.406048,-9622.677246,296.082377,0.000000
886.406369,-10658.965565,370.102971,1838.629195
886.406689,-10881.027347,-740.205942,2834.553343
886.407010,-9622.677246,-1184.329507,1532.190996
886.407331,-8586.388927,-370.102971,689.485948
886.407651,-9474.636058,370.102971,1838.629195
886.407972,-9844.739029,222.061783,2068.457845
886.408293,-9104.533087,-666.185348,919.314598
886.408614,-9178.553681,444.123565,-153.219100
886.408934,-9104.533087,814.226536,76.609550
886.409255,-10140.821405,740.205942,2221.676944
886.409576,-10732.986159,-518.144159,3370.820191
886.409897,-10214.842000,-1998.556043,1455.581446
886.410217,-8956.491898,-1110.308913,306.438199
886.410538,-9104.533087,-814.226536,383.047749
886.410859,-9474.636058,74.020594,1685.410096
886.411180,-9400.615463,-592.164754,1685.410096
886.411500,-8882.471304,-1628.453072,383.047749
886.411821,-8438.347739,-444.123565,-1072.533697
886.412142,-10140.821405,222.061783,1072.533697
886.412462,-10584.944971,592.164754,2987.772442
886.412783,-10955.047942,0.000000,3830.477490
886.413104,-9992.780217,-1258.350101,1762.019645
886.413425,-9030.512492,-740.205942,1225.752797
886.413745,-9474.636058,-1332.370696,2221.676944
886.414066,-9474.636058,-1776.494261,1532.190996
886.414387,-9548.656652,-814.226536,1455.581446
886.414708,-9400.615463,1110.308913,229.828649
886.415028,-9474.636058,2368.659014,766.095498
886.415349,-10955.047942,2072.576638,2757.943793
886.415670,-10881.027347,444.123565,3064.381992
886.415990,-10362.883188,-1924.535449,1149.143247
886.416311,-8808.450710,-1332.370696,-383.047749
886.416632,-9030.512492,-1184.329507,-536.266849
886.416953,-9326.594869,-444.123565,1149.143247
886.417273,-9030.512492,-1406.391290,536.266849
886.417594,-8660.409521,-1480.411884,-995.924147
886.417915,-8808.450710,0.000000,-995.924147
886.418236,-9622.677246,296.082377,766.095498
886.418556,-11177.109724,296.082377,3524.039291
886.418877,-10807.006753,-370.102971,3140.991542
886.419198,-9400.615463,-222.061783,1991.848295
886.419519,-9400.615463,-1332.370696,1532.190996
886.419839,-8290.306550,-962.267725,1225.752797
886.420160,-9548.656652,-2072.576638,995.924147
886.420481,-8586.388927,-1480.411884,-919.314598
886.420801,-8438.347739,666.185348,-1225.752797
886.421122,-8808.450710,2146.597232,306.438199
886.421443,-10288.862594,2146.597232,1915.238745
886.421764,-11621.233289,148.041188,2834.553343
886.422084,-10955.047942,-1332.370696,1302.362347
886.422405,-9326.594869,-666.185348,-306.438199
886.422726,-9474.636058,-222.061783,919.314598
886.423047,-9844.739029,-1184.329507,1225.752797
886.423367,-8364.327145,-666.185348,-383.047749
886.423688,-8068.244768,-814.226536,-1838.629195
886.424009,-7624.121203,888.247130,-2221.676944
886.424329,-10436.903782,1406.391290,1608.800546
886.424650,-10732.986159,0.000000,2987.772442
886.424971,-10658.965565,0.000000,3217.601092
886.425292,-10066.800811,-1554.432478,1991.848295
886.425612,-9622.677246,-1110.308913,2374.896044
886.425933,-10510.924376,-370.102971,2757.943793
886.426254,-9918.759623,-666.185348,2298.286494
886.426575,-9400.615463,444.123565,306.438199
886.426895,-8438.347739,444.123565,76.609550
886.427216,-9104.533087,518.144159,919.314598
886.427537,-10881.027347,296.082377,2911.162892
886.427858,-10288.862594,-1258.350101,2834.553343
886.428178,-9474.636058,-2146.597232,995.924147
886.428499,-9030.512492,-1776.494261,306.438199
886.428820,-9104.533087,-592.164754,1302.362347
886.429140,-9992.780217,-888.247130,2604.724693
886.429461,-9474.636058,-370.102971,2374.896044
886.429782,-8586.388927,-814.226536,0.000000
886.430103,-9104.533087,0.000000,76.609550
886.430423,-9918.759623,74.020594,2298.286494
886.430744,-10955.047942,-1258.350101,2757.943793
886.431065,-9252.574275,-1184.329507,1915.238745
886.431386,-8734.430116,-592.164754,1072.533697
886.431706,-8956.491898,-222.061783,919.314598
886.432027,-9992.780217,-592.164754,2068.457845
886.432348,-9622.677246,-1480.411884,1072.533697
886.432668,-8512.368333,-1110.308913,-689.485948
886.432989,-8660.409521,518.144159,-842.705048
886.433310,-9696.697840,666.185348,919.314598
886.433631,-10214.842000,1110.308913,2451.505594
886.433951,-10584.944971,-444.123565,1149.143247
886.434272,-9030.512492,-666.185348,-459.657299
886.434593,-9178.553681,-296.082377,-612.876398
886.434914,-10584.944971,-370.102971,689.485948
886.435234,-10140.821405,-296.082377,919.314598
886.435555,-9992.780217,-518.144159,-229.828649
886.435876,-9178.553681,222.061783,-1532.190996
886.436196,-9400.615463,1036.288319,1378.971896
886.436517,-10732.986159,962.267725,1838.629195
886.436838,-10881.027347,-148.041188,2451.505594
886.437159,-9622.677246,-666.185348,995.924147
886.437479,-8586.388927,-962.267725,-306.438199
886.437800,-8882.471304,-444.123565,306.438199
886.438121,-9548.656652,-814.226536,1455.581446
886.438442,-9548.656652,-1036.288319,919.314598
886.438762,-8808.450710,74.020594,-153.219100
886.439083,-9252.574275,1480.411884,-383.047749
886.439404,-10584.944971,1332.370696,2374.896044
886.439725,-11399.171507,0.000000,3140.991542
886.440045,-10066.800811,-1184.329507,2221.676944
886.440366,-8956.491898,-1628.453072,306.438199
886.440687,-8808.450710,-666.185348,1378.971896
886.441007,-10288.862594,-2590.720797,153.219100
886.441328,-7105.977043,-1036.288319,1532.190996
886.441649,-9548.656652,-1406.391290,-536.266849
886.441970,-8660.409521,888.247130,459.657299
886.442290,-9474.636058,222.061783,1225.752797
886.442611,-11843.295072,888.247130,4443.353888
886.442932,-10066.800811,-1332.370696,2451.505594
886.443253,-10658.965565,-962.267725,3140.991542
886.443573,-8956.491898,-962.267725,2451.505594
886.443894,-8512.368333,-740.205942,919.314598
886.444215,-9474.636058,-518.144159,2451.505594
886.444535,-8290.306550,-444.123565,1608.800546
886.444856,-8216.285956,962.267725,-536.266849
886.445177,-10732.986159,1628.453072,1685.410096
886.445498,-10362.883188,1480.411884,3217.601092
886.445818,-11103.089130,-518.144159,2911.162892
886.446139,-10510.924376,-1554.432478,1685.410096
886.446460,-8586.388927,-1110.308913,-229.828649
886.446781,-9326.594869,-370.102971,153.219100
886.447101,-9918.759623,0.000000,1302.362347
886.447422,-8660.409521,592.164754,1072.533697
886.447743,-9400.615463,0.000000,-995.924147
886.448064,-9548.656652,1258.350101,-995.924147
886.448384,-10955.047942,2220.617826,1532.190996
886.448705,-11325.150913,1480.411884,3677.258390
886.449026,-11473.192101,-592.164754,2451.505594
886.449346,-9104.533087,-888.247130,995.924147
886.449667,-9770.718434,-1924.535449,0.000000
886.449988,-8660.409521,-370.102971,919.314598
886.450309,-9770.718434,-1480.411884,766.095498
886.450629,-9400.615463,-370.102971,0.000000
886.450950,-8734.430116,1332.370696,229.828649
886.451271,-9326.594869,888.247130,1302.362347
886.451592,-10807.006753,666.185348,3677.258390
886.451912,-11177.109724,-814.226536,2834.553343
886.452233,-9474.636058,-814.226536,153.219100
886.452554,-8956.491898,-148.041188,0.000000
886.452874,-8660.409521,-666.185348,1072.533697
886.453195,-8808.450710,-370.102971,612.876398
886.453516,-8882.471304,-1332.370696,-995.924147
886.453837,-7698.141797,0.000000,-2145.067394
886.454157,-8808.450710,370.102971,-689.485948
886.454478,-10436.903782,74.020594,2068.457845
886.454799,-10658.965565,-296.082377,3140.991542
886.455120,-10066.800811,-2146.597232,2374.896044
886.455440,-8512.368333,-1628.453072,919.314598
886.455761,-8734.430116,-1406.391290,1915.238745
886.456082,-9474.636058,-666.185348,2528.115143
886.456403,-9622.677246,-1036.288319,2298.286494
886.456723,-8364.327145,-296.082377,76.609550
886.457044,-8586.388927,666.185348,2068.457845
886.457365,-9474.636058,814.226536,1685.410096
886.457685,-11177.109724,0.000000,3600.648841
886.458006,-10362.883188,-1776.494261,2451.505594
886.458327,-9104.533087,-2146.597232,229.828649
886.458648,-8586.388927,-962.267725,0.000000
886.458968,-9548.656652,-296.082377,766.095498
886.459289,-9918.759623,-518.144159,1072.533697
886.459610,-8808.450710,-666.185348,-689.485948
886.459931,-9178.553681,888.247130,-1302.362347
886.460251,-9918.759623,148.041188,-612.876398
886.460572,-10436.903782,888.247130,2451.505594
886.460893,-12361.439231,-1332.370696,3907.087040
886.461213,-10140.821405,-1406.391290,2374.896044
886.461534,-10362.883188,-1850.514855,2145.067394
886.461855,-10066.800811,-740.205942,2298.286494
886.462176,-11103.089130,-814.226536,2757.943793
886.462496,-9622.677246,-444.123565,1378.971896
886.462817,-8364.327145,666.185348,-306.438199
886.463138,-8734.430116,1332.370696,-536.266849
886.463459,-9622.677246,962.267725,919.314598
886.463779,-10658.965565,-444.123565,2068.457845
886.464100,-10066.800811,-1406.391290,842.705048
886.464421,-9030.512492,-740.205942,0.000000
886.464742,-9622.677246,-814.226536,229.828649
886.465062,-9770.718434,-296.082377,1455.581446
886.465383,-9918.759623,-592.164754,1072.533697
886.465704,-9474.636058,-1332.370696,-842.705048
886.466024,-8364.327145,-370.102971,-1378.971896
886.466345,-9918.759623,-296.082377,76.609550
886.466666,-10140.821405,0.000000,1838.629195
886.466987,-10140.821405,-814.226536,2145.067394
886.467307,-9178.553681,-1184.329507,995.924147
886.467628,-8586.388927,-666.185348,459.657299
886.467949,-9474.636058,-222.061783,1532.190996
886.468270,-9770.718434,-1184.329507,1991.848295
886.468590,-8956.491898,-962.267725,689.485948
886.468911,-8734.430116,296.082377,-383.047749
886.469232,-8882.471304,1332.370696,76.609550
886.469552,-9992.780217,1036.288319,3600.648841
886.469873,-10362.883188,370.102971,2681.334243
886.470194,-9770.718434,-370.102971,766.095498
886.470515,-9326.594869,-592.164754,0.000000
886.470835,-9622.677246,0.000000,1072.533697
886.471156,-10140.821405,-666.185348,1685.410096
886.471477,-9844.739029,-962.267725,1072.533697
886.471798,-8586.388927,-814.226536,-536.266849
886.472118,-9400.615463,74.020594,-459.657299
886.472439,-10362.883188,1184.329507,612.876398
886.472760,-11177.109724,74.020594,3447.429741
886.473081,-10288.862594,-222.061783,2987.772442
886.473401,-9326.594869,-444.123565,995.924147
886.473722,-9918.759623,1036.288319,1302.362347
886.474043,-9400.615463,-296.082377,2068.457845
886.474363,-9622.677246,-148.041188,1762.019645
886.474684,-9326.594869,-222.061783,153.219100
886.475005,-8364.327145,1554.432478,-919.314598
886.475326,-10584.944971,1554.432478,1608.800546
886.475646,-10955.047942,1998.556043,3294.210641
886.475967,-11103.089130,-296.082377,2681.334243
886.476288,-10510.924376,-666.185348,1378.971896
886.476609,-9252.574275,-444.123565,995.924147
886.476929,-9474.636058,-666.185348,1608.800546
886.477250,-10140.821405,-592.164754,1762.019645
886.477571,-9178.553681,-1110.308913,766.095498
886.477891,-8068.244768,-1184.329507,-1455.581446
886.478212,-8142.265362,888.247130,153.219100
886.478533,-10288.862594,1406.391290,1685.410096
886.478854,-10584.944971,518.144159,3140.991542
886.479174,-9918.759623,-1110.308913,2145.067394
886.479495,-8660.409521,-1924.535449,612.876398
886.479816,-9030.512492,-962.267725,842.705048
886.480137,-9696.697840,-962.267725,2145.067394
886.480457,-8956.491898,-1036.288319,1378.971896
886.480778,-8216.285956,-518.144159,-229.828649
886.481099,-8290.306550,74.020594,-766.095498
886.481419,-8956.491898,666.185348,1225.752797
886.481740,-10955.047942,0.000000,2757.943793
886.482061,-10288.862594,-1406.391290,2298.286494
886.482382,-9474.636058,-1480.411884,459.657299
886.482702,-9474.636058,-740.205942,612.876398
886.483023,-9918.759623,-444.123565,1838.629195
886.483344,-10214.842000,-740.205942,2145.067394
886.483665,-9326.594869,-2146.597232,153.219100
886.483985,-8586.388927,-962.267725,-1532.190996
886.484306,-9030.512492,0.000000,-459.657299
886.484627,-10288.862594,370.102971,1532.190996
886.484948,-10658.965565,-148.041188,2528.115143
886.485268,-10066.800811,-444.123565,919.314598
886.485589,-8956.491898,-518.144159,0.000000
886.485910,-10066.800811,-222.061783,1072.533697
886.486230,-10288.862594,-740.205942,1915.238745
886.486551,-10362.883188,-1480.411884,1149.143247
886.486872,-8808.450710,-370.102971,-842.705048
886.487193,-9030.512492,740.205942,-459.657299
886.487513,-10362.883188,1036.288319,1838.629195
886.487834,-10140.821405,0.000000,2374.896044
886.488155,-10584.944971,-1924.535449,1225.752797
886.488476,-8956.491898,-1110.308913,153.219100
886.488796,-9030.512492,-666.185348,76.609550
886.489117,-10066.800811,0.000000,1838.629195
886.489438,-10510.924376,-444.123565,1838.629195
886.489758,-9474.636058,-518.144159,459.657299
886.490079,-8956.491898,0.000000,-766.095498
886.490400,-9326.594869,370.102971,459.657299
886.490721,-10881.027347,518.144159,3830.477490
886.491041,-10288.862594,-814.226536,2604.724693
886.491362,-9178.553681,-1184.329507,306.438199
886.491683,-8364.327145,-518.144159,0.000000
886.492003,-9104.533087,-222.061783,459.657299
886.492324,-9918.759623,-592.164754,2604.724693
886.492645,-9400.615463,-962.267725,919.314598
886.492966,-8586.388927,-148.041188,-229.828649
886.493286,-9030.512492,444.123565,612.876398
886.493607,-10140.821405,0.000000,3217.601092
886.493928,-10881.027347,-1110.308913,3600.648841
886.494248,-9548.656652,-1998.556043,1838.629195
886.494569,-8438.347739,-1776.494261,0.000000
886.494890,-8364.327145,-296.082377,995.924147
886.495211,-9178.553681,0.000000,1608.800546
886.495531,-9474.636058,-370.102971,1149.143247
886.495852,-9030.512492,0.000000,-612.876398
886.496173,-8956.491898,444.123565,-842.705048
886.496493,-10066.800811,962.267725,1225.752797
886.496814,-11399.171507,-370.102971,3140.991542
886.497135,-10807.006753,-1776.494261,2451.505594
886.497456,-9400.615463,-1332.370696,919.314598
886.497776,-8882.471304,0.000000,612.876398
886.498097,-9622.677246,222.061783,919.314598
886.498418,-9918.759623,-370.102971,1455.581446
886.498738,-8808.450710,-592.164754,0.000000
886.499059,-8438.347739,888.247130,-306.438199
886.499380,-9474.636058,888.247130,306.438199
886.499701,-11103.089130,518.144159,2757.943793
886.500021,-10955.047942,-148.041188,2834.553343
886.500342,-10214.842000,-444.123565,1378.971896
886.500663,-8882.471304,148.041188,306.438199
886.500983,-9696.697840,296.082377,995.924147
886.501304,-10362.883188,222.061783,2145.067394
886.501625,-9770.718434,-592.164754,689.485948
886.501946,-8290.306550,-740.205942,0.000000
886.502266,-8882.471304,0.000000,-766.095498
886.502587,-10066.800811,444.123565,1225.752797
886.502908,-10955.047942,-370.102971,2757.943793
886.503228,-10214.842000,-1184.329507,2221.676944
886.503549,-9104.533087,-1110.308913,459.657299
886.503870,-9696.697840,-444.123565,306.438199
886.504191,-10436.903782,-592.164754,1991.848295
886.504511,-10214.842000,-518.144159,2068.457845
886.504832,-9474.636058,-740.205942,919.314598
886.505153,-8512.368333,444.123565,229.828649
886.505473,-9918.759623,444.123565,1915.238745
886.505794,-10807.006753,0.000000,3600.648841
886.506115,-10140.821405,-962.267725,2681.334243
886.506436,-8660.409521,-1480.411884,0.000000
886.506756,-7402.059420,-518.144159,-1225.752797
886.507077,-8290.306550,-74.020594,-612.876398
886.507398,-8512.368333,-444.123565,766.095498
886.507718,-8808.450710,-666.185348,459.657299
886.508039,-9104.533087,-1406.391290,-612.876398
886.508360,-8882.471304,-296.082377,76.609550
886.508681,-11991.336260,-888.247130,3140.991542
886.509001,-11547.212695,-814.226536,4903.011187
886.509322,-9844.739029,-1406.391290,2528.115143
886.509643,-9474.636058,222.061783,1532.190996
886.509963,-8882.471304,148.041188,766.095498
886.510284,-9030.512492,666.185348,1455.581446
886.510605,-9548.656652,-1406.391290,1072.533697
886.510926,-7254.018232,-1036.288319,-1072.533697
886.511246,-8882.471304,-148.041188,-1072.533697
886.511567,-8956.491898,1332.370696,2451.505594
886.511888,-11177.109724,1110.308913,3830.477490
886.512208,-11843.295072,-370.102971,3600.648841
886.512529,-9696.697840,-296.082377,1685.410096
886.512850,-9474.636058,-592.164754,689.485948
886.513171,-10066.800811,0.000000,1225.752797
886.513491,-9770.718434,-666.185348,919.314598
886.513812,-8882.471304,-222.061783,-536.266849
886.514133,-8808.450710,370.102971,-1532.190996
886.514453,-9844.739029,1776.494261,383.047749
886.514774,-10510.924376,296.082377,2145.067394
886.515095,-11177.109724,-888.247130,3064.381992
886.515416,-10436.903782,-1184.329507,1991.848295
886.515736,-9474.636058,-740.205942,536.266849
886.516057,-9696.697840,0.000000,1455.581446
886.516378,-9548.656652,0.000000,2068.457845
886.516698,-9622.677246,-518.144159,1072.533697
886.517019,-9178.553681,-74.020594,-766.095498
886.517340,-8216.285956,444.123565,0.000000
886.517661,-9622.677246,0.000000,919.314598
886.517981,-10214.842000,444.123565,2528.115143
886.518302,-10584.944971,-1554.432478,1608.800546
886.518623,-8882.471304,-888.247130,-306.438199
886.518943,-8660.409521,0.000000,229.828649
886.519264,-9474.636058,-592.164754,1225.752797
886.519585,-9178.553681,-740.205942,612.876398
886.519906,-9548.656652,-814.226536,306.438199
886.520226,-8586.388927,74.020594,-229.828649
886.520547,-9474.636058,814.226536,1072.533697
886.520868,-10955.047942,0.000000,3140.991542
886.521188,-10066.800811,0.000000,2528.115143
886.521509,-9918.759623,-1036.288319,1915.238745
886.521830,-8290.306550,0.000000,612.876398
886.522151,-8956.491898,74.020594,766.095498
886.522471,-9918.759623,-592.164754,1455.581446
886.522792,-8956.491898,-592.164754,-153.219100
886.523113,-8734.430116,-148.041188,-919.314598
886.523433,-9252.574275,666.185348,0.000000
886.523754,-10362.883188,444.123565,2451.505594
886.524075,-11177.109724,-370.102971,2987.772442
886.524396,-10140.821405,-1850.514855,1608.800546
886.524716,-9400.615463,-888.247130,229.828649
886.525037,-9252.574275,-518.144159,919.314598
886.525358,-9844.739029,-814.226536,1455.581446
886.525678,-10066.800811,-1702.473667,919.314598
886.525999,-9030.512492,-1332.370696,-766.095498
886.526320,-9252.574275,-148.041188,-229.828649
886.526641,-10066.800811,444.123565,2068.457845
886.526961,-11177.109724,-148.041188,3370.820191
886.527282,-10584.944971,-1702.473667,2374.896044
886.527603,-9030.512492,-1554.432478,612.876398
886.527923,-9178.553681,-1036.288319,689.485948
886.528244,-9548.656652,-1332.370696,842.705048
886.528565,-9770.718434,-1258.350101,1915.238745
886.528886,-9178.553681,-1184.329507,229.828649
886.529206,-8586.388927,740.205942,-919.314598
886.529527,-9992.780217,1702.473667,919.314598
886.529848,-10436.903782,370.102971,2911.162892
886.530168,-10510.924376,-518.144159,2298.286494
886.530489,-9918.759623,-1554.432478,919.314598
886.530810,-8438.347739,-1110.308913,76.609550
886.531131,-9326.594869,-1554.432478,1072.533697
886.531451,-9622.677246,-1554.432478,1762.019645
886.531772,-9474.636058,-1406.391290,306.438199
886.532093,-8660.409521,-666.185348,-1072.533697
886.532413,-8660.409521,370.102971,76.609550
886.532734,-9622.677246,148.041188,1225.752797
886.533055,-10658.965565,-444.123565,2451.505594
886.533376,-9770.718434,-1258.350101,1225.752797
886.533696,-8660.409521,-740.205942,-229.828649
886.534017,-8956.491898,-888.247130,153.219100
886.534338,-9548.656652,-592.164754,1838.629195
886.534658,-9918.759623,-814.226536,1532.190996
886.534979,-8808.450710,222.061783,229.828649
886.535300,-9474.636058,1110.308913,995.924147
886.535621,-10288.862594,0.000000,2451.505594
886.535941,-10955.047942,-962.267725,2604.724693
886.536262,-10881.027347,-1924.535449,1991.848295
886.536583,-8808.450710,-1406.391290,-995.924147
886.536903,-8512.368333,148.041188,-689.485948
886.537224,-9400.615463,888.247130,383.047749
886.537545,-9030.512492,148.041188,1072.533697
886.537866,-9252.574275,-370.102971,0.000000
886.538186,-9326.594869,74.020594,0.000000
886.538507,-10288.862594,0.000000,1072.533697
886.538828,-11251.130318,444.123565,3064.381992
886.539148,-11251.130318,-148.041188,4060.306139
886.539469,-9770.718434,-518.144159,1762.019645
886.539790,-9252.574275,-222.061783,842.705048
886.540111,-9474.636058,0.000000,689.485948
886.540431,-9474.636058,0.000000,766.095498
886.540752,-9548.656652,-370.102971,0.000000
886.541073,-9104.533087,740.205942,-229.828649
886.541393,-9104.533087,1480.411884,229.828649
886.541714,-10584.944971,1702.473667,2451.505594
886.542035,-11177.109724,518.144159,3907.087040
886.542356,-10436.903782,-1554.432478,1532.190996
886.542676,-9030.512492,-444.123565,1072.533697
886.542997,-8956.491898,-592.164754,1149.143247
886.543318,-9326.594869,0.000000,2298.286494
886.543638,-9030.512492,-1480.411884,1991.848295
886.543959,-8512.368333,-740.205942,-383.047749
886.544280,-8216.285956,-74.020594,-1149.143247
886.544601,-9030.512492,0.000000,1149.143247
886.544921,-10584.944971,444.123565,2145.067394
886.545242,-10288.862594,-444.123565,2604.724693
886.545563,-9844.739029,-370.102971,2068.457845
886.545883,-9104.533087,-222.061783,1685.410096
886.546204,-9622.677246,-888.247130,1532.190996
886.546525,-9770.718434,-1406.391290,1302.362347
886.546846,-8808.450710,-1406.391290,0.000000
886.547166,-7698.141797,0.000000,-842.705048
886.547487,-9178.553681,1480.411884,306.438199
886.547808,-9696.697840,2072.576638,2145.067394
886.548128,-10066.800811,-148.041188,2145.067394
886.548449,-9696.697840,-444.123565,612.876398
886.548770,-8734.430116,-962.267725,0.000000
886.549091,-9252.574275,-740.205942,536.266849
886.549411,-9844.739029,-962.267725,2298.286494
886.549732,-9474.636058,-1332.370696,1225.752797
886.550053,-9844.739029,-1258.350101,0.000000
886.550373,-9696.697840,-370.102971,383.047749
886.550694,-10214.842000,-148.041188,1915.238745
886.551015,-11917.315666,-592.164754,3294.210641
886.551336,-10807.006753,-518.144159,2911.162892
886.551656,-9548.656652,-1110.308913,842.705048
886.551977,-9104.533087,-592.164754,612.876398
886.552298,-9252.574275,-370.102971,536.266849
886.552618,-9474.636058,-1184.329507,459.657299
886.552939,-9030.512492,-1554.432478,-1225.752797
886.553260,-8216.285956,-148.041188,-1532.190996
886.553581,-9474.636058,444.123565,0.000000
886.553901,-10955.047942,222.061783,2451.505594
886.554222,-11325.150913,-1036.288319,2451.505594
886.554543,-9992.780217,-1480.411884,1149.143247
886.554863,-8216.285956,-1924.535449,-766.095498
886.555184,-9030.512492,-592.164754,229.828649
886.555505,-9992.780217,-962.267725,1455.581446
886.555826,-8882.471304,-1258.350101,76.609550
886.556146,-8068.244768,-518.144159,-2451.505594
886.556467,-8956.491898,-148.041188,-995.924147
886.556788,-9696.697840,444.123565,1608.800546
886.557108,-11251.130318,-296.082377,3447.429741
886.557429,-9770.718434,-1480.411884,2451.505594
886.557750,-8734.430116,-592.164754,1532.190996
886.558071,-9770.718434,-1036.288319,1838.629195
886.558391,-9474.636058,-222.061783,2221.676944
886.558712,-9770.718434,-888.247130,1838.629195
886.559033,-8364.327145,-296.082377,-153.219100
886.559353,-8290.306550,592.164754,-536.266849
886.559674,-9474.636058,814.226536,1072.533697
886.559995,-10436.903782,518.144159,3140.991542
886.560316,-10955.047942,-888.247130,2221.676944
886.560636,-9474.636058,-1554.432478,766.095498
886.560957,-9400.615463,-888.247130,689.485948
886.561278,-9770.718434,-666.185348,1838.629195
886.561598,-10140.821405,-444.123565,1991.848295
886.561919,-9474.636058,-1036.288319,689.485948
886.562240,-8808.450710,-296.082377,-306.438199
886.562561,-9548.656652,222.061783,459.657299
886.562881,-10807.006753,444.123565,2221.676944
886.563202,-10214.842000,0.000000,2681.334243
886.563523,-10288.862594,-888.247130,1532.190996
886.563843,-8882.471304,296.082377,689.485948
886.564164,-9622.677246,296.082377,1149.143247
886.564485,-10362.883188,148.041188,2757.943793
886.564806,-9844.739029,-740.205942,1302.362347
886.565126,-8956.491898,-592.164754,-383.047749
886.565447,-9030.512492,592.164754,-76.609550
886.565768,-10288.862594,592.164754,1608.800546
886.566088,-10510.924376,444.123565,2911.162892
886.566409,-9918.759623,-888.247130,1608.800546
886.566730,-8734.430116,0.000000,-153.219100
886.567051,-9178.553681,592.164754,229.828649
886.567371,-8586.388927,518.144159,1302.362347
886.567692,-9770.718434,222.061783,2298.286494
886.568013,-9548.656652,-888.247130,995.924147
886.568333,-8586.388927,74.020594,612.876398
886.568654,-9474.636058,888.247130,536.266849
886.568975,-10362.883188,1702.473667,3907.087040
886.569296,-10510.924376,1628.453072,5056.230287
886.569616,-9474.636058,962.267725,3370.820191
886.569937,-8734.430116,1258.350101,1762.019645
886.570258,-9178.553681,1258.350101,2528.115143
886.570578,-9474.636058,888.247130,2987.772442
886.570899,-9696.697840,-296.082377,2451.505594
886.571220,-8882.471304,444.123565,153.219100
886.571541,-8808.450710,1628.453072,0.000000
886.571861,-10362.883188,2738.761985,2298.286494
886.572182,-11621.233289,2442.679609,4136.915689
886.572503,-11029.068536,1480.411884,4213.525239
886.572823,-10288.862594,592.164754,2145.067394
886.573144,-9474.636058,1628.453072,1685.410096
886.573465,-9622.677246,1702.473667,2681.334243
886.573786,-9548.656652,888.247130,2987.772442
886.574106,-8882.471304,222.061783,1532.190996
886.574427,-7772.162391,-222.061783,-459.657299
886.574748,-8734.430116,-296.082377,536.266849
886.575068,-9696.697840,666.185348,2834.553343
886.575389,-10881.027347,1480.411884,6052.154434
886.575710,-10955.047942,1702.473667,6511.811733
886.576031,-9918.759623,2146.597232,4749.792088
886.576351,-10510.924376,1776.494261,5132.839837
886.576672,-9770.718434,2220.617826,4749.792088
886.576993,-9844.739029,3108.864956,5745.716235
886.577313,-9400.615463,2368.659014,4290.134789
886.577634,-7698.141797,2146.597232,1915.238745
886.577955,-8882.471304,962.267725,1762.019645
886.578276,-8956.491898,740.205942,2374.896044
886.578596,-9622.677246,370.102971,2834.553343
886.578917,-9696.697840,1184.329507,3907.087040
886.579238,-9770.718434,1998.556043,4443.353888
886.579558,-10436.903782,1776.494261,5439.278036
886.579879,-11029.068536,740.205942,5439.278036
886.580200,-10510.924376,1184.329507,4519.963438
886.580521,-9844.739029,1850.514855,3217.601092
886.580841,-8512.368333,2590.720797,1991.848295
886.581162,-8438.347739,2664.741391,1378.971896
886.581483,-7846.182985,1480.411884,1072.533697
886.581803,-9400.615463,1184.329507,1225.752797
886.582124,-9474.636058,1184.329507,995.924147
886.582445,-9474.636058,1332.370696,1685.410096
886.582766,-10510.924376,814.226536,2374.896044
886.583086,-10584.944971,1406.391290,4060.306139
886.583407,-10658.965565,1406.391290,4749.792088
886.583728,-10214.842000,2146.597232,5056.230287
886.584048,-9474.636058,1554.432478,5209.449386
886.584369,-9918.759623,1332.370696,4749.792088
886.584690,-10066.800811,1776.494261,3983.696590
886.585011,-9474.636058,2664.741391,3524.039291
886.585331,-9030.512492,2960.823768,2068.457845
886.585652,-8808.450710,2664.741391,2298.286494
886.585973,-8882.471304,1702.473667,1072.533697
886.586293,-9178.553681,1258.350101,919.314598
886.586614,-9992.780217,1406.391290,2221.676944
886.586935,-10140.821405,666.185348,2757.943793
886.587256,-10584.944971,518.144159,3294.210641
886.587576,-10658.965565,296.082377,3140.991542
886.587897,-10362.883188,1110.308913,3600.648841
886.588218,-9104.533087,1628.453072,3983.696590
886.588538,-9844.739029,2146.597232,3983.696590
886.588859,-9474.636058,1850.514855,4290.134789
886.589180,-9474.636058,1776.494261,3677.258390
886.589500,-9104.533087,2072.576638,4060.306139
886.589821,-9178.553681,2220.617826,4290.134789
886.590142,-8660.409521,2664.741391,4136.915689
886.590463,-8808.450710,2072.576638,3983.696590
886.590783,-8660.409521,1924.535449,3830.477490
886.591104,-9326.594869,1184.329507,3830.477490
886.591425,-9548.656652,1036.288319,4136.915689
886.591745,-9918.759623,1036.288319,3524.039291
886.592066,-10066.800811,518.144159,3064.381992
886.592387,-9918.759623,740.205942,2834.553343
886.592708,-9770.718434,1332.370696,2298.286494
886.593028,-9696.697840,962.267725,1838.629195
886.593349,-9474.636058,1184.329507,1838.629195
886.593670,-9474.636058,888.247130,2451.505594
886.593990,-9252.574275,962.267725,2528.115143
886.594311,-9770.718434,1702.473667,3677.258390
886.594632,-9844.739029,1554.432478,4290.134789
886.594952,-9844.739029,1628.453072,4519.963438
886.595273,-10140.821405,1776.494261,4290.134789
886.595594,-9770.718434,1628.453072,4673.182538
886.595915,-10066.800811,1850.514855,4213.525239
886.596235,-9770.718434,2220.617826,3753.867940
886.596556,-8734.430116,1406.391290,2834.553343
886.596877,-9178.553681,2294.638420,1915.238745
886.597197,-9400.615463,2368.659014,1838.629195
886.597518,-9622.677246,2368.659014,1455.581446
886.597839,-9696.697840,2516.700203,1608.800546
886.598159,-9992.780217,2072.576638,1762.019645
886.598480,-10214.842000,2294.638420,2911.162892
886.598801,-10436.903782,1998.556043,3524.039291
886.599122,-10658.965565,1776.494261,3753.867940
886.599442,-9622.677246,1850.514855,3983.696590
886.599763,-9770.718434,1332.370696,4290.134789
886.600084,-9474.636058,1406.391290,4519.963438
886.600404,-9474.636058,1110.308913,3907.087040
886.600725,-8290.306550,1406.391290,2604.724693
886.601046,-9030.512492,1628.453072,2987.772442
886.601366,-9030.512492,1702.473667,2834.553343
886.601687,-9326.594869,1406.391290,2451.505594
886.602008,-9474.636058,1480.411884,1378.971896
886.602329,-9326.594869,1776.494261,1685.410096
886.602649,-9770.718434,1554.432478,1838.629195
886.602970,-9622.677246,1184.329507,2145.067394
886.603291,-9844.739029,666.185348,1991.848295
886.603611,-9622.677246,592.164754,2528.115143
886.603932,-9548.656652,0.000000,1532.190996
886.604253,-9252.574275,296.082377,1991.848295
886.604573,-9548.656652,0.000000,2298.286494
886.604894,-9252.574275,-222.061783,1685.410096
886.605215,-8882.471304,0.000000,1685.410096
886.605536,-9030.512492,296.082377,1302.362347
886.605856,-9400.615463,888.247130,1532.190996
886.606177,-9992.780217,1036.288319,1762.019645
886.606498,-9918.759623,1554.432478,1838.629195
886.606818,-10066.800811,1628.453072,1149.143247
886.607139,-9992.780217,1998.556043,1378.971896
886.607460,-9844.739029,1998.556043,1608.800546
886.607780,-10436.903782,1924.535449,2221.676944
886.608101,-10214.842000,1554.432478,2757.943793
886.608422,-10140.821405,1998.556043,2604.724693
886.608743,-9992.780217,1998.556043,3370.820191
886.609063,-11325.150913,2368.659014,4749.792088
886.609384,-10214.842000,2368.659014,5439.278036
886.609705,-10436.903782,2368.659014,5515.887586
886.610025,-9844.739029,2368.659014,5439.278036
886.610346,-9770.718434,2072.576638,5822.325785
886.610667,-9696.697840,1924.535449,5515.887586
886.610988,-9622.677246,2146.597232,5669.106685
886.611308,-9400.615463,2146.597232,5592.497135
886.611629,-9474.636058,2368.659014,5975.544884
886.611950,-8882.471304,1850.514855,5592.497135
886.612270,-9696.697840,2072.576638,6128.763984
886.612591,-10214.842000,2368.659014,6435.202183
886.612912,-10214.842000,2072.576638,6588.421283
886.613232,-9918.759623,2072.576638,6281.983084
886.613553,-9770.718434,2072.576638,6052.154434
886.613874,-9252.574275,2146.597232,5822.325785
886.614195,-9326.594869,2442.679609,5745.716235
886.614515,-8882.471304,2590.720797,5286.058936
886.614836,-8882.471304,2368.659014,4443.353888
886.615157,-8808.450710,2072.576638,3753.867940
886.615477,-8882.471304,1924.535449,2834.553343
886.615798,-9252.574275,1998.556043,3064.381992
886.616119,-9474.636058,2738.761985,2451.505594
886.616439,-9474.636058,1924.535449,3140.991542
886.616760,-9696.697840,2072.576638,2757.943793
886.617081,-10066.800811,1924.535449,2911.162892
886.617402,-10584.944971,2886.803174,3753.867940
886.617722,-10066.800811,2812.782580,3524.039291
886.618043,-9622.677246,2812.782580,3294.210641
886.618364,-9474.636058,3182.885551,2834.553343
886.618684,-9400.615463,2738.761985,2374.896044
886.619005,-8882.471304,3108.864956,2221.676944
886.619326,-9326.594869,3108.864956,2298.286494
886.619646,-9474.636058,3034.844362,2298.286494
886.619967,-10066.800811,2442.679609,2604.724693
886.620288,-9992.780217,2146.597232,2681.334243
886.620609,-10140.821405,1776.494261,1225.752797
886.620929,-10436.903782,1628.453072,689.485948
886.621250,-9770.718434,1554.432478,0.000000
886.621571,-9400.615463,1480.411884,-919.314598
886.621891,-9622.677246,1406.391290,-766.095498
886.622212,-9696.697840,1184.329507,-612.876398
886.622533,-9992.780217,888.247130,229.828649
886.622853,-10584.944971,1258.350101,1762.019645
886.623174,-10658.965565,1480.411884,3294.210641
886.623495,-10362.883188,1480.411884,3830.477490
886.623816,-10214.842000,1776.494261,4979.620737
886.624136,-9992.780217,1924.535449,5822.325785
886.624457,-10436.903782,2442.679609,6205.373534
886.624778,-9474.636058,1776.494261,5975.544884
886.625098,-9178.553681,1036.288319,4903.011187
886.625419,-8512.368333,592.164754,2911.162892
886.625740,-8364.327145,888.247130,919.314598
886.626060,-8882.471304,888.247130,1991.848295
886.626381,-9178.553681,814.226536,2068.457845
886.626702,-9474.636058,74.020594,2451.505594
886.627023,-10214.842000,0.000000,2528.115143
886.627343,-10732.986159,-296.082377,3677.258390
886.627664,-10881.027347,0.000000,4673.182538
886.627985,-10584.944971,740.205942,5898.935335
886.628305,-10066.800811,666.185348,6358.592633
886.628626,-9326.594869,1258.350101,7354.516781
886.628947,-9770.718434,370.102971,6894.859482
886.629268,-8882.471304,-740.205942,5898.935335
886.629588,-8364.327145,-740.205942,3830.477490
886.629909,-8512.368333,-148.041188,3830.477490
886.630230,-7772.162391,518.144159,2834.553343
886.630550,-8068.244768,592.164754,2374.896044
886.630871,-9030.512492,740.205942,1532.190996
886.631192,-8290.306550,222.061783,-766.095498
886.631512,-10140.821405,1258.350101,76.609550
886.631833,-10658.965565,1850.514855,2145.067394
886.632154,-11547.212695,2368.659014,2987.772442
886.632475,-11843.295072,1406.391290,3677.258390
886.632795,-10436.903782,1480.411884,2374.896044
886.633116,-9326.594869,-592.164754,1225.752797
886.633437,-9548.656652,-1258.350101,766.095498
886.633757,-8142.265362,814.226536,1455.581446
886.634078,-9918.759623,-148.041188,1762.019645
886.634399,-8142.265362,-222.061783,1455.581446
886.634719,-8290.306550,-888.247130,229.828649
886.635040,-9622.677246,518.144159,1915.238745
886.635361,-10658.965565,740.205942,3294.210641
886.635682,-10584.944971,148.041188,2834.553343
886.636002,-9992.780217,74.020594,536.266849
886.636323,-8956.491898,74.020594,-1838.629195
886.636644,-10214.842000,2294.638420,-766.095498
886.636964,-9918.759623,2960.823768,612.876398
886.637285,-10214.842000,4071.132681,229.828649
886.637606,-9844.739029,3478.967927,-1149.143247
886.637926,-9770.718434,2664.741391,-842.705048
886.638247,-9992.780217,1924.535449,1685.410096
886.638568,-11029.068536,-370.102971,3524.039291
886.638889,-10214.842000,-2442.679609,3064.381992
886.639209,-8216.285956,-2664.741391,1225.752797
886.639530,-8882.471304,-1850.514855,689.485948
886.639851,-9770.718434,0.000000,2298.286494
886.640171,-9918.759623,444.123565,3524.039291
886.640492,-9400.615463,0.000000,1532.190996
886.640813,-9030.512492,444.123565,-153.219100
886.641133,-9474.636058,148.041188,536.266849
886.641454,-10732.986159,370.102971,2451.505594
886.641775,-10584.944971,-370.102971,2451.505594
886.642096,-9474.636058,-1110.308913,459.657299
886.642416,-8364.327145,-888.247130,-1149.143247
886.642737,-8438.347739,-518.144159,0.000000
886.643058,-9474.636058,0.000000,2451.505594
886.643378,-9844.739029,-74.020594,3830.477490
886.643699,-9104.533087,-888.247130,2528.115143
886.644020,-8808.450710,-1184.329507,2451.505594
886.644341,-9622.677246,-518.144159,4060.306139
886.644661,-10807.006753,-518.144159,5822.325785
886.644982,-10066.800811,-888.247130,4443.353888
886.645303,-9400.615463,296.082377,1685.410096
886.645623,-8142.265362,296.082377,0.000000
886.645944,-8956.491898,592.164754,919.314598
886.646265,-10066.800811,-370.102971,995.924147
886.646585,-9622.677246,0.000000,-229.828649
886.646906,-9696.697840,0.000000,-1915.238745
886.647227,-9696.697840,888.247130,-383.047749
886.647548,-11399.171507,-444.123565,2221.676944
886.647868,-11399.171507,-2146.597232,2604.724693
886.648189,-9992.780217,-2146.597232,229.828649
886.648510,-8956.491898,-1776.494261,-1838.629195
886.648830,-8586.388927,-296.082377,-842.705048
886.649151,-9992.780217,444.123565,1532.190996
886.649472,-10510.924376,0.000000,1838.629195
886.649792,-8882.471304,0.000000,383.047749
886.650113,-9178.553681,-814.226536,0.000000
886.650434,-10288.862594,-888.247130,1149.143247
886.650755,-11547.212695,-814.226536,2451.505594
886.651075,-10288.862594,-740.205942,1302.362347
886.651396,-8216.285956,0.000000,-689.485948
886.651717,-8586.388927,0.000000,-1225.752797
886.652037,-9474.636058,74.020594,-229.828649
886.652358,-9992.780217,-1184.329507,0.000000
886.652679,-9474.636058,-888.247130,-842.705048
886.652999,-9474.636058,-296.082377,-1302.362347
886.653320,-9548.656652,888.247130,1149.143247
886.653641,-10288.862594,-296.082377,3140.991542
886.653962,-10658.965565,-1702.473667,3140.991542
886.654282,-9474.636058,-2368.659014,1455.581446
886.654603,-8438.347739,-1998.556043,459.657299
886.654924,-8660.409521,-962.267725,612.876398
886.655244,-9252.574275,-370.102971,2221.676944
886.655565,-9178.553681,-1110.308913,1685.410096
886.655886,-7994.224174,-296.082377,0.000000
886.656206,-8142.265362,74.020594,0.000000
886.656527,-9992.780217,888.247130,2145.067394
886.656848,-10510.924376,222.061783,2757.943793
886.657169,-9622.677246,-888.247130,1455.581446
886.657489,-8586.388927,-518.144159,-536.266849
886.657810,-8808.450710,-888.247130,-1378.971896
886.658131,-9548.656652,-592.164754,995.924147
886.658451,-10955.047942,-888.247130,1915.238745
886.658772,-9548.656652,0.000000,306.438199
886.659093,-9474.636058,1184.329507,306.438199
886.659413,-10214.842000,1702.473667,2221.676944
886.659734,-10881.027347,74.020594,4136.915689
886.660055,-10807.006753,-1850.514855,3064.381992
886.660376,-9326.594869,-2368.659014,612.876398
886.660696,-8586.388927,-814.226536,-229.828649
886.661017,-9992.780217,0.000000,1608.800546
886.661338,-10436.903782,518.144159,3064.381992
886.661658,-10510.924376,444.123565,2451.505594
886.661979,-9770.718434,740.205942,2221.676944
886.662300,-9696.697840,814.226536,919.314598
886.662621,-11177.109724,-370.102971,2221.676944
886.662941,-10510.924376,-962.267725,2451.505594
886.663262,-9252.574275,-888.247130,536.266849
886.663583,-8586.388927,0.000000,-1072.533697
886.663903,-9252.574275,1036.288319,306.438199
886.664224,-10362.883188,-222.061783,2145.067394
886.664545,-9770.718434,-1184.329507,995.924147
886.664865,-9696.697840,-1554.432478,153.219100
886.665186,-8956.491898,-814.226536,-536.266849
886.665507,-9474.636058,0.000000,1225.752797
886.665828,-10214.842000,-888.247130,2451.505594
886.666148,-9400.615463,-962.267725,1072.533697
886.666469,-8512.368333,-1924.535449,-1455.581446
886.666790,-8290.306550,-962.267725,-1915.238745
886.667110,-8956.491898,592.164754,76.609550
886.667431,-10436.903782,370.102971,1838.629195
886.667752,-9622.677246,370.102971,1532.190996
886.668072,-9252.574275,592.164754,306.438199
886.668393,-9326.594869,222.061783,1378.971896
886.668714,-9992.780217,-444.123565,2757.943793
886.669035,-9992.780217,-1332.370696,3140.991542
886.669355,-8586.388927,-1258.350101,1302.362347
886.669676,-7994.224174,-518.144159,-229.828649
886.669997,-8808.450710,0.000000,1225.752797
886.670317,-9548.656652,148.041188,1915.238745
886.670638,-10436.903782,-888.247130,2451.505594
886.670959,-9992.780217,-1554.432478,689.485948
886.671279,-9622.677246,-296.082377,1225.752797
886.671600,-10881.027347,0.000000,2298.286494
886.671921,-10881.027347,-740.205942,2451.505594
886.672242,-9548.656652,-1554.432478,842.705048
886.672562,-8290.306550,-740.205942,-1608.800546
886.672883,-8586.388927,74.020594,-1225.752797
886.673204,-9918.759623,888.247130,459.657299
886.673524,-10214.842000,148.041188,1762.019645
886.673845,-9770.718434,-296.082377,995.924147
886.674166,-9770.718434,-296.082377,919.314598
886.674486,-9622.677246,148.041188,2528.115143
886.674807,-11251.130318,-666.185348,3140.991542
886.675128,-10436.903782,-888.247130,2528.115143
886.675449,-8882.471304,-592.164754,76.609550
886.675769,-8438.347739,740.205942,0.000000
886.676090,-9474.636058,518.144159,766.095498
886.676411,-9770.718434,-518.144159,1455.581446
886.676731,-9474.636058,-1480.411884,76.609550
886.677052,-8808.450710,-888.247130,-459.657299
886.677373,-9696.697840,666.185348,1225.752797
886.677693,-10955.047942,518.144159,3447.429741
886.678014,-10732.986159,0.000000,2528.115143
886.678335,-9400.615463,-518.144159,689.485948
886.678656,-8660.409521,74.020594,-2451.505594
886.678976,-8882.471304,666.185348,-383.047749
886.679297,-9622.677246,370.102971,1302.362347
886.679618,-9474.636058,-296.082377,1149.143247
886.679938,-8660.409521,0.000000,229.828649
886.680259,-8660.409521,296.082377,1149.143247
886.680580,-10140.821405,592.164754,2757.943793
886.680901,-10955.047942,518.144159,3753.867940
886.681221,-10066.800811,-296.082377,1915.238745
886.681542,-8808.450710,148.041188,-383.047749
886.681863,-8438.347739,814.226536,0.000000
886.682183,-9326.594869,814.226536,1302.362347
886.682504,-9992.780217,-444.123565,1072.533697
886.682825,-9030.512492,-444.123565,0.000000
886.683145,-9474.636058,-370.102971,-1149.143247
886.683466,-9474.636058,888.247130,766.095498
886.683787,-11177.109724,74.020594,2834.553343
886.684108,-10658.965565,-1184.329507,2374.896044
886.684428,-9474.636058,-1184.329507,459.657299
886.684749,-8882.471304,-1258.350101,-766.095498
886.685070,-9400.615463,-74.020594,842.705048
886.685390,-10436.903782,-296.082377,2374.896044
886.685711,-9548.656652,-370.102971,536.266849
886.686032,-9178.553681,-370.102971,306.438199
886.686352,-9696.697840,0.000000,842.705048
886.686673,-10140.821405,518.144159,2757.943793
886.686994,-11103.089130,-518.144159,2911.162892
886.687315,-9474.636058,-1036.288319,1685.410096
886.687635,-8586.388927,-444.123565,-612.876398
886.687956,-8808.450710,74.020594,0.000000
886.688277,-9622.677246,0.000000,995.924147
886.688597,-10288.862594,-592.164754,919.314598
886.688918,-9178.553681,-444.123565,153.219100
886.689239,-9030.512492,0.000000,0.000000
886.689560,-10436.903782,-592.164754,1455.581446
886.689880,-9770.718434,-592.164754,2145.067394
886.690201,-10807.006753,-1258.350101,2528.115143
886.690522,-8660.409521,-1258.350101,842.705048
886.690843,-7994.224174,-1258.350101,-153.219100
886.691163,-10362.883188,-370.102971,1532.190996
886.691484,-9918.759623,-962.267725,1915.238745
886.691805,-9030.512492,-962.267725,919.314598
886.692125,-9918.759623,-222.061783,1838.629195
886.692446,-8364.327145,-148.041188,612.876398
886.692767,-11621.233289,888.247130,3524.039291
886.693088,-9992.780217,-1406.391290,3677.258390
886.693408,-8512.368333,-1776.494261,612.876398
886.693729,-9178.553681,-1110.308913,229.828649
886.694050,-8808.450710,-370.102971,0.000000
886.694370,-8956.491898,-74.020594,229.828649
886.694691,-10584.944971,-222.061783,766.095498
886.695012,-9252.574275,370.102971,0.000000
886.695333,-9622.677246,518.144159,689.485948
886.695653,-11325.150913,-666.185348,2604.724693
886.695974,-10807.006753,-1850.514855,2987.772442
886.696295,-10066.800811,-2368.659014,1685.410096
886.696616,-9104.533087,-1850.514855,-76.609550
886.696936,-8956.491898,0.000000,-229.828649
886.697257,-9474.636058,666.185348,1225.752797
886.697578,-10214.842000,-370.102971,2068.457845
886.697898,-9548.656652,-148.041188,766.095498
886.698219,-9178.553681,-222.061783,76.609550
886.698540,-10288.862594,518.144159,1532.190996
886.698861,-10140.821405,74.020594,2451.505594
886.699181,-10288.862594,-1036.288319,1762.019645
886.699502,-8734.430116,-592.164754,0.000000
886.699823,-7105.977043,296.082377,0.000000
886.700143,-9474.636058,0.000000,76.609550
886.700464,-9622.677246,-222.061783,1149.143247
886.700785,-9622.677246,-296.082377,0.000000
886.701106,-9548.656652,-74.020594,0.000000
886.701426,-9104.533087,1036.288319,919.314598
886.701747,-10807.006753,296.082377,3294.210641
886.702068,-10881.027347,-1554.432478,3217.601092
886.702388,-9252.574275,-1924.535449,766.095498
886.702709,-8882.471304,-1036.288319,-536.266849
886.703030,-8660.409521,518.144159,459.657299
886.703351,-9474.636058,1628.453072,2528.115143
886.703671,-9992.780217,1258.350101,2374.896044
886.703992,-9030.512492,518.144159,689.485948
886.704313,-9030.512492,666.185348,536.266849
886.704634,-10436.903782,592.164754,2451.505594
886.704954,-10955.047942,0.000000,3370.820191
886.705275,-9622.677246,-148.041188,2604.724693
886.705596,-8956.491898,-222.061783,76.609550
886.705916,-8438.347739,222.061783,0.000000
886.706237,-9474.636058,148.041188,995.924147
886.706558,-10214.842000,-592.164754,1225.752797
886.706879,-8142.265362,-1258.350101,-459.657299
886.707199,-9696.697840,370.102971,536.266849
886.707520,-10436.903782,814.226536,2604.724693
886.707841,-11029.068536,-592.164754,3677.258390
886.708161,-10807.006753,-1702.473667,2911.162892
886.708482,-9326.594869,-1924.535449,995.924147
886.708803,-8882.471304,-1480.411884,0.000000
886.709124,-9474.636058,444.123565,1532.190996
886.709444,-10288.862594,-296.082377,2145.067394
886.709765,-9252.574275,0.000000,1455.581446
886.710086,-9326.594869,-370.102971,0.000000
886.710407,-9400.615463,-666.185348,76.609550
886.710727,-9992.780217,-592.164754,1608.800546
886.711048,-10658.965565,-1110.308913,2451.505594
886.711369,-9326.594869,-1258.350101,689.485948
886.711689,-8216.285956,-666.185348,-842.705048
886.712010,-9030.512492,74.020594,0.000000
886.712331,-9622.677246,-518.144159,536.266849
886.712652,-9548.656652,-814.226536,842.705048
886.712972,-9474.636058,-1110.308913,-536.266849
886.713293,-9030.512492,-74.020594,-995.924147
886.713614,-9474.636058,74.020594,459.657299
886.713934,-9548.656652,-1258.350101,919.314598
886.714255,-8734.430116,-1184.329507,-229.828649
886.714576,-8364.327145,-962.267725,-1991.848295
886.714897,-8808.450710,74.020594,-1302.362347
886.715217,-10436.903782,1036.288319,919.314598
886.715538,-10732.986159,-1110.308913,2068.457845
886.715859,-10362.883188,-1184.329507,1762.019645
886.716179,-10066.800811,-1184.329507,995.924147
886.716500,-10510.924376,0.000000,1455.581446
886.716821,-10881.027347,-222.061783,3524.039291
886.717142,-10510.924376,-1850.514855,2221.676944
886.717462,-7920.203579,-1036.288319,-229.828649
886.717783,-8808.450710,-814.226536,-919.314598
886.718104,-8364.327145,222.061783,229.828649
886.718425,-9844.739029,-592.164754,842.705048
886.718745,-9992.780217,-666.185348,1225.752797
886.719066,-9400.615463,-814.226536,0.000000
886.719387,-10510.924376,1110.308913,1838.629195
886.719707,-11473.192101,222.061783,3983.696590
886.720028,-11325.150913,-1776.494261,3524.039291
886.720349,-10510.924376,-1702.473667,2374.896044
886.720670,-8808.450710,-1554.432478,-2221.676944
886.720990,-8364.327145,0.000000,-919.314598
886.721311,-9400.615463,888.247130,1455.581446
886.721632,-9548.656652,962.267725,1838.629195
886.721952,-9770.718434,814.226536,1915.238745
886.722273,-10140.821405,74.020594,1991.848295
886.722594,-10584.944971,0.000000,3370.820191
886.722915,-11917.315666,-1332.370696,5209.449386
886.723235,-10584.944971,-2146.597232,4136.915689
886.723556,-7846.182985,-2146.597232,2451.505594
886.723877,-7994.224174,-370.102971,0.000000
886.724198,-8438.347739,592.164754,76.609550
886.724518,-9104.533087,148.041188,229.828649
886.724839,-8290.306550,592.164754,-919.314598
886.725160,-8956.491898,370.102971,-1225.752797
886.725480,-8660.409521,1628.453072,-153.219100
886.725801,-10807.006753,518.144159,1915.238745
886.726122,-10658.965565,-1036.288319,2528.115143
886.726443,-9252.574275,-2146.597232,919.314598
886.726763,-9400.615463,-1628.453072,0.000000
886.727084,-9104.533087,-666.185348,536.266849
886.727405,-9844.739029,-296.082377,1378.971896
886.727725,-9622.677246,148.041188,1149.143247
886.728046,-9474.636058,740.205942,-153.219100
886.728367,-9104.533087,1184.329507,-306.438199
886.728688,-9474.636058,296.082377,1302.362347
886.729008,-10288.862594,-518.144159,2145.067394
886.729329,-9918.759623,-592.164754,1532.190996
886.729650,-9104.533087,-1110.308913,76.609550
886.729970,-8808.450710,666.185348,-153.219100
886.730291,-9918.759623,296.082377,919.314598
886.730612,-9770.718434,-296.082377,766.095498
886.730933,-9548.656652,-222.061783,-229.828649
886.731253,-9400.615463,-148.041188,-689.485948
886.731574,-9770.718434,962.267725,766.095498
886.731895,-11177.109724,-296.082377,2834.553343
886.732216,-9770.718434,-222.061783,3064.381992
886.732536,-9696.697840,-1332.370696,1149.143247
886.732857,-8734.430116,-814.226536,-383.047749
886.733178,-9400.615463,592.164754,1149.143247
886.733498,-10510.924376,296.082377,2374.896044
886.733819,-9622.677246,296.082377,2374.896044
886.734140,-10066.800811,74.020594,1378.971896
886.734461,-9178.553681,518.144159,1302.362347
886.734781,-10584.944971,740.205942,3447.429741
886.735102,-10584.944971,370.102971,4596.572988
886.735423,-9548.656652,-888.247130,2451.505594
886.735743,-8586.388927,-518.144159,306.438199
886.736064,-8512.368333,0.000000,766.095498
886.736385,-9400.615463,-296.082377,1455.581446
886.736706,-9696.697840,-1110.308913,1455.581446
886.737026,-8882.471304,-1480.411884,0.000000
886.737347,-9030.512492,-740.205942,0.000000
886.737668,-10510.924376,-444.123565,2298.286494
886.737989,-10510.924376,-814.226536,3600.648841
886.738309,-10881.027347,-1850.514855,3447.429741
886.738630,-8956.491898,-1628.453072,995.924147
886.738951,-8512.368333,-518.144159,153.219100
886.739271,-8438.347739,-74.020594,1685.410096
886.739592,-9770.718434,0.000000,2451.505594
886.739913,-9474.636058,-296.082377,1378.971896
886.740234,-9326.594869,-296.082377,306.438199
886.740554,-9252.574275,148.041188,229.828649
886.740875,-10881.027347,0.000000,2374.896044
886.741196,-10732.986159,-296.082377,2528.115143
886.741516,-9474.636058,-1036.288319,0.000000
886.741837,-8068.244768,222.061783,-1991.848295
886.742158,-8956.491898,222.061783,-1072.533697
886.742479,-9548.656652,-222.061783,229.828649
886.742799,-9622.677246,-1036.288319,-766.095498
886.743120,-8808.450710,-1110.308913,-1915.238745
886.743441,-9252.574275,-1110.308913,-766.095498
886.743761,-9992.780217,296.082377,1455.581446
886.744082,-11177.109724,-666.185348,3140.991542
886.744403,-11029.068536,-1036.288319,1608.800546
886.744724,-9326.594869,0.000000,1149.143247
886.745044,-9474.636058,-370.102971,229.828649
886.745365,-9474.636058,518.144159,1302.362347
886.745686,-10584.944971,0.000000,1762.019645
886.746007,-9326.594869,0.000000,612.876398
886.746327,-8364.327145,962.267725,-842.705048
886.746648,-9548.656652,888.247130,766.095498
886.746969,-9992.780217,814.226536,1915.238745
886.747289,-10732.986159,-444.123565,1991.848295
886.747610,-9474.636058,-592.164754,459.657299
886.747931,-8364.327145,-444.123565,-689.485948
886.748252,-9622.677246,-296.082377,689.485948
886.748572,-10807.006753,-1036.288319,1455.581446
886.748893,-10066.800811,0.000000,1608.800546
886.749214,-9770.718434,-1036.288319,306.438199
886.749534,-9326.594869,74.020594,1149.143247
886.749855,-10288.862594,-518.144159,3064.381992
886.750176,-10288.862594,-1702.473667,3064.381992
886.750497,-9548.656652,-1702.473667,1072.533697
886.750817,-7698.141797,-666.185348,0.000000
886.751138,-8808.450710,-74.020594,459.657299
886.751459,-9474.636058,148.041188,1838.629195
886.751780,-11029.068536,0.000000,2221.676944
886.752100,-9326.594869,-666.185348,1455.581446
886.752421,-9178.553681,444.123565,1685.410096
886.752742,-10732.986159,0.000000,3370.820191
886.753062,-10362.883188,-222.061783,3677.258390
886.753383,-9548.656652,-1628.453072,1915.238745
886.753704,-8142.265362,-1332.370696,0.000000
886.754025,-8290.306550,74.020594,0.000000
886.754345,-9474.636058,74.020594,1532.190996
886.754666,-10288.862594,-740.205942,2221.676944
886.754987,-9326.594869,-962.267725,306.438199
886.755307,-9622.677246,-370.102971,-229.828649
886.755628,-10066.800811,740.205942,1608.800546
886.755949,-11769.274478,148.041188,3217.601092
886.756270,-10066.800811,-370.102971,2528.115143
886.756590,-9178.553681,-1332.370696,0.000000
886.756911,-7846.182985,-518.144159,-1225.752797
886.757232,-9104.533087,74.020594,919.314598
886.757552,-9622.677246,222.061783,1072.533697
886.757873,-9548.656652,-518.144159,766.095498
886.758194,-9104.533087,-296.082377,-459.657299
886.758515,-9400.615463,74.020594,0.000000
886.758835,-10807.006753,592.164754,2298.286494
886.759156,-11251.130318,0.000000,3370.820191
886.759477,-9474.636058,-962.267725,842.705048
886.759798,-8364.327145,-296.082377,-1149.143247
886.760118,-8290.306550,-222.061783,-536.266849
886.760439,-9770.718434,-148.041188,919.314598
886.760760,-10066.800811,-1332.370696,689.485948
886.761080,-9104.533087,-1258.350101,-612.876398
886.761401,-7846.182985,-1628.453072,-1532.190996
886.761722,-9844.739029,296.082377,1149.143247
886.762043,-11103.089130,0.000000,3294.210641
886.762363,-10436.903782,-814.226536,1991.848295
886.762684,-9252.574275,-666.185348,229.828649
886.763005,-8364.327145,-518.144159,-689.485948
886.763325,-9326.594869,148.041188,689.485948
886.763646,-10362.883188,148.041188,2068.457845
886.763967,-9622.677246,0.000000,1455.581446
886.764288,-8660.409521,0.000000,306.438199
886.764608,-9622.677246,888.247130,1225.752797
886.764929,-10658.965565,740.205942,3294.210641
886.765250,-10732.986159,148.041188,3600.648841
886.765571,-9548.656652,-740.205942,1455.581446
886.765891,-8364.327145,74.020594,383.047749
886.766212,-9252.574275,0.000000,459.657299
886.766533,-9918.759623,-518.144159,1762.019645
886.766853,-9696.697840,-1184.329507,995.924147
886.767174,-9030.512492,-444.123565,0.000000
886.767495,-9400.615463,0.000000,229.828649
886.767816,-10140.821405,666.185348,2528.115143
886.768136,-11325.150913,-518.144159,3294.210641
886.768457,-9844.739029,-370.102971,2221.676944
886.768778,-9252.574275,-1036.288319,229.828649
886.769098,-8438.347739,-740.205942,76.609550
886.769419,-9696.697840,-740.205942,1455.581446
886.769740,-9474.636058,-370.102971,919.314598
886.770061,-9400.615463,-1036.288319,1302.362347
886.770381,-9104.533087,-148.041188,1149.143247
886.770702,-8956.491898,148.041188,2451.505594
886.771023,-10658.965565,-666.185348,2604.724693
886.771343,-9622.677246,-592.164754,2757.943793
886.771664,-9178.553681,-1184.329507,459.657299
886.771985,-8142.265362,0.000000,-689.485948
886.772306,-8882.471304,74.020594,76.609550
886.772626,-10584.944971,0.000000,459.657299
886.772947,-9548.656652,-888.247130,0.000000
886.773268,-9326.594869,-666.185348,-689.485948
886.773589,-9474.636058,814.226536,76.609550
886.773909,-10214.842000,370.102971,612.876398
886.774230,-10881.027347,-740.205942,1608.800546
886.774551,-9178.553681,-888.247130,229.828649
886.774871,-8734.430116,-1258.350101,-1225.752797
886.775192,-8660.409521,222.061783,-536.266849
886.775513,-10066.800811,444.123565,1608.800546
886.775834,-10584.944971,148.041188,1838.629195
886.776154,-9548.656652,592.164754,919.314598
886.776475,-9622.677246,518.144159,306.438199
886.776796,-10362.883188,1184.329507,1685.410096
886.777116,-10807.006753,370.102971,2604.724693
886.777437,-9844.739029,-962.267725,1378.971896
886.777758,-8290.306550,-666.185348,-383.047749
886.778079,-9326.594869,444.123565,-612.876398
886.778399,-9770.718434,0.000000,919.314598
886.778720,-10881.027347,-518.144159,1838.629195
886.779041,-9992.780217,-592.164754,1072.533697
886.779362,-9844.739029,-740.205942,-229.828649
886.779682,-9918.759623,0.000000,1149.143247
886.780003,-10807.006753,-962.267725,2911.162892
886.780324,-10140.821405,-2294.638420,2221.676944
886.780644,-8586.388927,-1776.494261,0.000000
886.780965,-7105.977043,-1628.453072,-995.924147
886.781286,-7994.224174,592.164754,-306.438199
886.781607,-10140.821405,666.185348,1838.629195
886.781927,-9992.780217,74.020594,2145.067394
886.782248,-9474.636058,-814.226536,2451.505594
886.782569,-9992.780217,-888.247130,2681.334243
886.782889,-11251.130318,-592.164754,4596.572988
886.783210,-11399.171507,-1406.391290,5056.230287
886.783531,-9474.636058,-1554.432478,3524.039291
886.783852,-8364.327145,-518.144159,536.266849
886.784172,-7476.080014,222.061783,76.609550
886.784493,-9030.512492,74.020594,919.314598
886.784814,-9474.636058,-666.185348,842.705048
886.785134,-7550.100608,-592.164754,-306.438199
886.785455,-9326.594869,-296.082377,-229.828649
886.785776,-9770.718434,592.164754,1991.848295
886.786097,-10955.047942,-666.185348,3677.258390
886.786417,-10436.903782,-666.185348,2604.724693
886.786738,-9622.677246,-1924.535449,689.485948
886.787059,-8734.430116,-1036.288319,-1149.143247
886.787380,-9622.677246,222.061783,536.266849
886.787701,-9252.574275,0.000000,766.095498
886.788021,-9326.594869,0.000000,459.657299
886.788342,-8512.368333,-148.041188,-612.876398
886.788663,-9178.553681,370.102971,0.000000
886.788984,-10732.986159,888.247130,2528.115143
886.789304,-11103.089130,-222.061783,3370.820191
886.789625,-9548.656652,-592.164754,2374.896044
886.789946,-9696.697840,-814.226536,612.876398
886.790267,-9474.636058,-148.041188,612.876398
886.790588,-10510.924376,-962.267725,995.924147
886.790908,-10066.800811,-1332.370696,766.095498
886.791229,-8660.409521,-888.247130,-1302.362347
886.791550,-9030.512492,296.082377,-1685.410096
886.791871,-9918.759623,1406.391290,0.000000
886.792191,-10362.883188,814.226536,1302.362347
886.792512,-9992.780217,0.000000,612.876398
886.792833,-8956.491898,-1036.288319,-1072.533697
886.793154,-9252.574275,-148.041188,-383.047749
886.793474,-9770.718434,0.000000,-306.438199
886.793795,-10658.965565,-222.061783,2757.943793
886.794116,-10362.883188,-148.041188,2221.676944
886.794437,-9326.594869,518.144159,1455.581446
886.794758,-10140.821405,444.123565,1991.848295
886.795078,-9770.718434,1036.288319,3524.039291
886.795399,-10288.862594,-888.247130,2451.505594
886.795720,-8438.347739,-888.247130,383.047749
886.796041,-7698.141797,-74.020594,-1225.752797
886.796361,-8068.244768,-148.041188,306.438199
886.796682,-9918.759623,-592.164754,2221.676944
886.797003,-10140.821405,-1850.514855,1149.143247
886.797324,-9030.512492,-1480.411884,-229.828649
886.797645,-10510.924376,1554.432478,689.485948
886.797965,-10955.047942,296.082377,3600.648841
886.798286,-10658.965565,-962.267725,3677.258390
886.798607,-9622.677246,-1036.288319,1532.190996
886.798928,-8216.285956,-592.164754,-306.438199
886.799248,-7920.203579,74.020594,306.438199
886.799569,-9844.739029,444.123565,2298.286494
886.799890,-9622.677246,-518.144159,2374.896044
886.800211,-9252.574275,-962.267725,1072.533697
886.800531,-8956.491898,-666.185348,919.314598
886.800852,-9400.615463,518.144159,1685.410096
886.801173,-11473.192101,0.000000,3907.087040
886.801494,-10584.944971,-814.226536,2681.334243
886.801815,-8290.306550,-518.144159,2068.457845
886.802135,-8660.409521,-740.205942,-612.876398
886.802456,-9400.615463,370.102971,919.314598
886.802777,-11103.089130,-518.144159,1838.629195
886.803098,-9622.677246,-888.247130,306.438199
886.803418,-9178.553681,0.000000,-919.314598
886.803739,-9474.636058,296.082377,153.219100
886.804060,-10436.903782,296.082377,2374.896044
886.804381,-11103.089130,-1110.308913,2145.067394
886.804701,-9030.512492,-1110.308913,612.876398
886.805022,-8734.430116,-1036.288319,-1455.581446
886.805343,-9474.636058,0.000000,-306.438199
886.805664,-10362.883188,222.061783,1302.362347
886.805985,-10732.986159,-222.061783,2528.115143
886.806305,-9104.533087,148.041188,306.438199
886.806626,-9474.636058,444.123565,229.828649
886.806947,-11103.089130,518.144159,1915.238745
886.807268,-10955.047942,0.000000,2451.505594
886.807588,-10288.862594,-814.226536,1072.533697
886.807909,-8512.368333,-444.123565,-766.095498
886.808230,-8734.430116,222.061783,-612.876398
886.808551,-9622.677246,0.000000,1149.143247
886.808872,-9696.697840,-666.185348,1302.362347
886.809192,-9326.594869,-222.061783,76.609550
886.809513,-8808.450710,-666.185348,-612.876398
886.809834,-9178.553681,148.041188,1149.143247
886.810155,-9992.780217,-666.185348,2298.286494
886.810475,-9770.718434,-2072.576638,2145.067394
886.810796,-8882.471304,-2368.659014,76.609550
886.811117,-8438.347739,-1406.391290,-153.219100
886.811438,-9696.697840,0.000000,1762.019645
886.811758,-10955.047942,-666.185348,3294.210641
886.812079,-9844.739029,-592.164754,2911.162892
886.812400,-9474.636058,-666.185348,1532.190996
886.812721,-8734.430116,-444.123565,1532.190996
886.813042,-10584.944971,222.061783,4366.744339
886.813362,-10436.903782,-1184.329507,3600.648841
886.813683,-8512.368333,-1480.411884,1685.410096
886.814004,-7920.203579,-1110.308913,229.828649
886.814325,-8068.244768,0.000000,76.609550
886.814645,-9844.739029,-444.123565,1838.629195
886.814966,-10584.944971,-740.205942,1838.629195
886.815287,-8956.491898,0.000000,612.876398
886.815608,-9622.677246,0.000000,306.438199
886.815929,-10214.842000,888.247130,2221.676944
886.816249,-11177.109724,-740.205942,2987.772442
886.816570,-9844.739029,-1036.288319,1915.238745
886.816891,-8586.388927,-1184.329507,-459.657299
886.817212,-8364.327145,-592.164754,-1149.143247
886.817532,-9474.636058,296.082377,76.609550
886.817853,-9844.739029,-518.144159,1302.362347
886.818174,-9400.615463,74.020594,612.876398
886.818495,-9030.512492,518.144159,1532.190996
886.818815,-10066.800811,888.247130,1302.362347
886.819136,-11251.130318,740.205942,3217.601092
886.819457,-10955.047942,-592.164754,2374.896044
886.819778,-9030.512492,-370.102971,229.828649
886.820099,-8734.430116,74.020594,-1455.581446
886.820419,-9030.512492,1702.473667,-689.485948
886.820740,-10658.965565,1184.329507,1302.362347
886.821061,-10288.862594,0.000000,842.705048
886.821382,-9030.512492,-666.185348,-766.095498
886.821702,-9770.718434,-814.226536,-459.657299
886.822023,-10436.903782,-888.247130,1302.362347
886.822344,-10732.986159,-1628.453072,2757.943793
886.822665,-9770.718434,-888.247130,1762.019645
886.822985,-8290.306550,-740.205942,-766.095498
886.823306,-8290.306550,0.000000,-1149.143247
886.823627,-10066.800811,518.144159,1302.362347
886.823948,-9918.759623,74.020594,1378.971896
886.824269,-9474.636058,74.020594,1149.143247
886.824589,-9326.594869,370.102971,689.485948
886.824910,-9548.656652,370.102971,1685.410096
886.825231,-10955.047942,74.020594,3677.258390
886.825552,-9548.656652,-1184.329507,2604.724693
886.825872,-7920.203579,-888.247130,-306.438199
886.826193,-8364.327145,148.041188,0.000000
886.826514,-8808.450710,962.267725,842.705048
886.826835,-10881.027347,888.247130,1378.971896
886.827156,-9918.759623,-518.144159,1532.190996
886.827476,-9178.553681,-592.164754,919.314598
886.827797,-9918.759623,0.000000,1915.238745
886.828118,-11177.109724,-740.205942,3830.477490
886.828439,-10881.027347,-1924.535449,3370.820191
886.828759,-9326.594869,-2294.638420,1149.143247
886.829080,-8290.306550,-1258.350101,-459.657299
886.829401,-8660.409521,0.000000,0.000000
886.829722,-10140.821405,0.000000,1532.190996
886.830042,-10214.842000,-518.144159,2068.457845
886.830363,-9030.512492,-1036.288319,689.485948
886.830684,-9400.615463,-740.205942,612.876398
886.831005,-10436.903782,0.000000,2298.286494
886.831326,-10955.047942,-444.123565,3447.429741
886.831646,-9696.697840,-1110.308913,1838.629195
886.831967,-8364.327145,0.000000,842.705048
886.832288,-8808.450710,296.082377,0.000000
886.832609,-9770.718434,592.164754,1608.800546
886.832929,-10584.944971,-518.144159,1455.581446
886.833250,-9326.594869,-592.164754,-459.657299
886.833571,-9030.512492,-518.144159,-1149.143247
886.833892,-9622.677246,444.123565,536.266849
886.834213,-10362.883188,0.000000,2374.896044
886.834533,-10436.903782,-1184.329507,1762.019645
886.834854,-9178.553681,-1184.329507,0.000000
886.835175,-8882.471304,444.123565,306.438199
886.835496,-9696.697840,222.061783,306.438199
886.835816,-9918.759623,148.041188,1302.362347
886.836137,-9474.636058,0.000000,1072.533697
886.836458,-8956.491898,-222.061783,-153.219100
886.836779,-9104.533087,444.123565,995.924147
886.837099,-10955.047942,296.082377,2528.115143
886.837420,-11029.068536,-740.205942,3294.210641
886.837741,-9104.533087,-1184.329507,842.705048
886.838062,-7772.162391,-1036.288319,-995.924147
886.838383,-8438.347739,518.144159,-766.095498
886.838703,-9622.677246,296.082377,766.095498
886.839024,-9992.780217,-814.226536,536.266849
886.839345,-8438.347739,-1850.514855,919.314598
886.839666,-9474.636058,-518.144159,-153.219100
886.839986,-10732.986159,0.000000,2604.724693
886.840307,-11325.150913,-370.102971,3830.477490
886.840628,-10658.965565,-1110.308913,2834.553343
886.840949,-9030.512492,-962.267725,0.000000
886.841269,-8512.368333,148.041188,-459.657299
886.841590,-9252.574275,518.144159,1455.581446
886.841911,-10288.862594,0.000000,2451.505594
886.842232,-8808.450710,-740.205942,1532.190996
886.842553,-9178.553681,-370.102971,1072.533697
886.842873,-9474.636058,0.000000,1991.848295
886.843194,-10510.924376,222.061783,3677.258390
886.843515,-10732.986159,0.000000,2451.505594
886.843836,-8660.409521,-148.041188,1149.143247
886.844156,-8290.306550,296.082377,76.609550
886.844477,-9326.594869,740.205942,995.924147
886.844798,-10214.842000,-370.102971,1915.238745
886.845119,-9918.759623,-1110.308913,1378.971896
886.845440,-9178.553681,-1036.288319,0.000000
886.845760,-9178.553681,222.061783,459.657299
886.846081,-10510.924376,592.164754,2987.772442
886.846402,-10362.883188,-1480.411884,3677.258390
886.846723,-9252.574275,-1998.556043,1838.629195
886.847043,-8586.388927,-2294.638420,-306.438199
886.847364,-7994.224174,-1184.329507,-536.266849
886.847685,-9622.677246,74.020594,919.314598
886.848006,-9400.615463,296.082377,842.705048
886.848326,-8808.450710,148.041188,0.000000
886.848647,-8660.409521,148.041188,-766.095498
886.848968,-9844.739029,74.020594,1302.362347
886.849289,-11399.171507,0.000000,3217.601092
886.849610,-11177.109724,-1332.370696,2911.162892
886.849930,-9770.718434,-1184.329507,1455.581446
886.850251,-8956.491898,-592.164754,306.438199
886.850572,-9474.636058,0.000000,1455.581446
886.850893,-9918.759623,74.020594,1225.752797
886.851213,-9474.636058,-370.102971,-306.438199
886.851534,-8734.430116,-370.102971,-1915.238745
886.851855,-8734.430116,2442.679609,-842.705048
886.852176,-10881.027347,814.226536,2145.067394
886.852497,-10807.006753,0.000000,3064.381992
886.852817,-9918.759623,-1184.329507,1455.581446
886.853138,-9474.636058,-962.267725,229.828649
886.853459,-8956.491898,-296.082377,306.438199
886.853780,-10362.883188,740.205942,2221.676944
886.854100,-10436.903782,0.000000,2757.943793
886.854421,-9030.512492,222.061783,153.219100
886.854742,-9178.553681,370.102971,0.000000
886.855063,-9252.574275,296.082377,1072.533697
886.855383,-10658.965565,-296.082377,2145.067394
886.855704,-10066.800811,-888.247130,2221.676944
886.856025,-8586.388927,-666.185348,-612.876398
886.856346,-9030.512492,296.082377,459.657299
886.856667,-10510.924376,-444.123565,2145.067394
886.856987,-10658.965565,-1184.329507,2987.772442
886.857308,-10584.944971,-1628.453072,2145.067394
886.857629,-9696.697840,-962.267725,1455.581446
886.857950,-9178.553681,0.000000,2145.067394
886.858270,-10066.800811,-592.164754,3370.820191
886.858591,-9622.677246,-1258.350101,2068.457845
886.858912,-7624.121203,-740.205942,0.000000
886.859233,-7994.224174,-1554.432478,-1762.019645
886.859553,-7550.100608,1332.370696,0.000000
886.859874,-10807.006753,-1036.288319,1225.752797
886.860195,-9474.636058,148.041188,2221.676944
886.860516,-9548.656652,-370.102971,1378.971896
886.860837,-9992.780217,-1332.370696,1149.143247
886.861157,-10288.862594,-1110.308913,2757.943793
886.861478,-11029.068536,-2294.638420,3064.381992
886.861799,-9548.656652,-1184.329507,919.314598
886.862120,-8586.388927,-370.102971,-766.095498
886.862440,-8068.244768,1332.370696,-1685.410096
886.862761,-9474.636058,1258.350101,0.000000
886.863082,-9474.636058,222.061783,76.609550
886.863403,-9474.636058,222.061783,0.000000
886.863724,-9844.739029,0.000000,-229.828649
886.864044,-10362.883188,444.123565,1915.238745
886.864365,-11103.089130,-592.164754,3677.258390
886.864686,-10881.027347,-888.247130,2451.505594
886.865007,-8734.430116,-592.164754,-153.219100
886.865327,-8512.368333,444.123565,-919.314598
886.865648,-9326.594869,740.205942,153.219100
886.865969,-9844.739029,74.020594,383.047749
886.866290,-9474.636058,666.185348,766.095498
886.866610,-9918.759623,-370.102971,0.000000
886.866931,-9400.615463,740.205942,1072.533697
886.867252,-10658.965565,-296.082377,3907.087040
886.867573,-10140.821405,-1110.308913,2374.896044
886.867894,-9770.718434,-1480.411884,919.314598
886.868214,-8734.430116,-888.247130,76.609550
886.868535,-8660.409521,296.082377,689.485948
886.868856,-10066.800811,-148.041188,1532.190996
886.869177,-9400.615463,-592.164754,1378.971896
886.869497,-9030.512492,-518.144159,0.000000
886.869818,-9326.594869,0.000000,689.485948
886.870139,-9844.739029,222.061783,3140.991542
886.870460,-10510.924376,-1480.411884,3064.381992
886.870781,-9696.697840,-2368.659014,1762.019645
886.871101,-8808.450710,-1924.535449,536.266849
886.871422,-8216.285956,-888.247130,-306.438199
886.871743,-9326.594869,0.000000,2145.067394
886.872064,-9992.780217,0.000000,2681.334243
886.872384,-9326.594869,0.000000,1378.971896
886.872705,-8660.409521,666.185348,1915.238745
886.873026,-9918.759623,888.247130,2604.724693
886.873347,-11251.130318,0.000000,4060.306139
886.873667,-10436.903782,-888.247130,2757.943793
886.873988,-9178.553681,-1036.288319,766.095498
886.874309,-8808.450710,-444.123565,-536.266849
886.874630,-9104.533087,0.000000,306.438199
886.874951,-9918.759623,-740.205942,766.095498
886.875271,-9400.615463,-1184.329507,229.828649
886.875592,-9474.636058,-592.164754,-612.876398
886.875913,-9400.615463,74.020594,153.219100
886.876234,-10362.883188,222.061783,1915.238745
886.876554,-10436.903782,-370.102971,2068.457845
886.876875,-9400.615463,-518.144159,459.657299
886.877196,-8734.430116,-1184.329507,-995.924147
886.877517,-9622.677246,-222.061783,-229.828649
886.877838,-10584.944971,296.082377,1378.971896
886.878158,-10288.862594,0.000000,1991.848295
886.878479,-9918.759623,0.000000,919.314598
886.878800,-9474.636058,444.123565,842.705048
886.879121,-9918.759623,518.144159,2298.286494
886.879441,-10140.821405,-888.247130,2681.334243
886.879762,-9548.656652,-1924.535449,995.924147
886.880083,-8216.285956,-1110.308913,-919.314598
886.880404,-8512.368333,0.000000,-766.095498
886.880724,-9326.594869,666.185348,536.266849
886.881045,-10140.821405,-296.082377,2911.162892
886.881366,-9622.677246,-222.061783,0.000000
886.881687,-9104.533087,-296.082377,-919.314598
886.882008,-10140.821405,148.041188,995.924147
886.882328,-10881.027347,-592.164754,2604.724693
886.882649,-10510.924376,-1184.329507,2757.943793
886.882970,-9252.574275,-962.267725,536.266849
886.883291,-8734.430116,148.041188,0.000000
886.883611,-9474.636058,888.247130,919.314598
886.883932,-9622.677246,888.247130,2298.286494
886.884253,-9622.677246,148.041188,1915.238745
886.884574,-8660.409521,444.123565,536.266849
886.884894,-9326.594869,814.226536,1302.362347
886.885215,-10362.883188,592.164754,3064.381992
886.885536,-10584.944971,-74.020594,3753.867940
886.885857,-9474.636058,-888.247130,1915.238745
886.886178,-8586.388927,0.000000,-229.828649
886.886498,-9178.553681,962.267725,0.000000
886.886819,-10140.821405,444.123565,1838.629195
886.887140,-10584.944971,-1184.329507,1991.848295
886.887461,-9474.636058,-1924.535449,306.438199
886.887781,-9770.718434,-1480.411884,229.828649
886.888102,-9992.780217,-518.144159,2757.943793
886.888423,-10881.027347,-1628.453072,3677.258390
886.888744,-9992.780217,-1998.556043,2374.896044
886.889064,-8216.285956,-1850.514855,229.828649
886.889385,-7772.162391,-1406.391290,-842.705048
886.889706,-9252.574275,222.061783,919.314598
886.890027,-9918.759623,370.102971,2298.286494
886.890347,-9474.636058,0.000000,1225.752797
886.890668,-8808.450710,740.205942,459.657299
886.890989,-9622.677246,814.226536,1991.848295
886.891309,-10584.944971,888.247130,2604.724693
886.891630,-10288.862594,-148.041188,2298.286494
886.891951,-8364.327145,-1184.329507,-229.828649
886.892272,-7846.182985,-1332.370696,-2145.067394
886.892592,-8956.491898,-444.123565,-1072.533697
886.892913,-9474.636058,-370.102971,383.047749
886.893234,-10066.800811,-518.144159,536.266849
886.893555,-9474.636058,-370.102971,-612.876398
886.893875,-9696.697840,370.102971,76.609550
886.894196,-10658.965565,518.144159,1915.238745
886.894517,-10881.027347,-962.267725,2911.162892
886.894837,-10066.800811,-1628.453072,1225.752797
886.895158,-8660.409521,-1480.411884,-612.876398
886.895479,-8438.347739,-296.082377,-689.485948
886.895800,-9622.677246,740.205942,689.485948
886.896120,-10066.800811,444.123565,1915.238745
886.896441,-9474.636058,-222.061783,536.266849
886.896762,-9326.594869,296.082377,0.000000
886.897083,-10140.821405,666.185348,1302.362347
886.897403,-11251.130318,518.144159,3064.381992
886.897724,-10584.944971,-296.082377,2604.724693
886.898045,-9030.512492,-444.123565,536.266849
886.898365,-8660.409521,-444.123565,-536.266849
886.898686,-9104.533087,-888.247130,536.266849
886.899007,-10140.821405,-1702.473667,1455.581446
886.899328,-10362.883188,-1924.535449,842.705048
886.899648,-9474.636058,-1036.288319,0.000000
886.899969,-9770.718434,444.123565,995.924147
886.900290,-10584.944971,814.226536,3064.381992
886.900610,-11325.150913,-370.102971,3140.991542
886.900931,-9252.574275,-1924.535449,1455.581446
886.901252,-8216.285956,-1702.473667,-842.705048
886.901573,-8364.327145,-370.102971,0.000000
886.901893,-9548.656652,518.144159,2145.067394
886.902214,-9992.780217,148.041188,2911.162892
886.902535,-9474.636058,222.061783,1762.019645
886.902856,-9252.574275,444.123565,1608.800546
886.903176,-10214.842000,518.144159,2911.162892
886.903497,-10881.027347,-222.061783,4290.134789
886.903818,-9844.739029,-1036.288319,2451.505594
886.904138,-8142.265362,-1036.288319,229.828649
886.904459,-7846.182985,-222.061783,-536.266849
886.904780,-8586.388927,0.000000,0.000000
886.905101,-9548.656652,-1184.329507,1225.752797
886.905421,-9622.677246,-1184.329507,229.828649
886.905742,-9326.594869,-222.061783,-766.095498
886.906063,-10066.800811,740.205942,919.314598
886.906384,-10955.047942,296.082377,2757.943793
886.906704,-11029.068536,-1110.308913,2987.772442
886.907025,-9104.533087,-1702.473667,689.485948
886.907346,-8660.409521,-1184.329507,-1302.362347
886.907666,-9252.574275,296.082377,-383.047749
886.907987,-9696.697840,370.102971,1455.581446
886.908308,-9252.574275,-222.061783,1072.533697
886.908629,-9178.553681,222.061783,229.828649
886.908949,-8438.347739,222.061783,459.657299
886.909270,-10658.965565,592.164754,2451.505594
886.909591,-11177.109724,-888.247130,2987.772442
886.909912,-9770.718434,-1110.308913,1149.143247
886.910232,-8808.450710,-1036.288319,-995.924147
886.910553,-8512.368333,444.123565,-766.095498
886.910874,-9918.759623,222.061783,536.266849
886.911194,-10362.883188,-962.267725,612.876398
886.911515,-9252.574275,-444.123565,-153.219100
886.911836,-10066.800811,-148.041188,-306.438199
886.912157,-10510.924376,888.247130,1838.629195
886.912477,-11103.089130,0.000000,3064.381992
886.912798,-10510.924376,-666.185348,2681.334243
886.913119,-7624.121203,-2220.617826,459.657299
886.913439,-8364.327145,-222.061783,-229.828649
886.913760,-9178.553681,74.020594,1225.752797
886.914081,-9844.739029,0.000000,2145.067394
886.914402,-9696.697840,148.041188,1455.581446
886.914722,-8586.388927,-296.082377,153.219100
886.915043,-8956.491898,1036.288319,919.314598
886.915364,-10658.965565,1184.329507,2604.724693
886.915685,-10214.842000,-222.061783,2757.943793
886.916005,-9030.512492,-592.164754,1991.848295
886.916326,-8956.491898,-814.226536,459.657299
886.916647,-9474.636058,-1036.288319,1455.581446
886.916967,-10584.944971,-1554.432478,2911.162892
886.917288,-10288.862594,-3182.885551,2068.457845
886.917609,-8734.430116,-1480.411884,612.876398
886.917930,-9474.636058,-444.123565,229.828649
886.918250,-9178.553681,666.185348,2145.067394
886.918571,-10362.883188,-666.185348,2451.505594
886.918892,-9104.533087,-962.267725,689.485948
886.919213,-7994.224174,-1480.411884,-766.095498
886.919533,-8586.388927,-296.082377,-306.438199
886.919854,-9992.780217,296.082377,1762.019645
886.920175,-10658.965565,-1480.411884,2681.334243
886.920495,-8438.347739,-740.205942,1455.581446
886.920816,-9696.697840,-1554.432478,536.266849
886.921137,-9474.636058,0.000000,1225.752797
886.921458,-10881.027347,1110.308913,5515.887586
886.921778,-10955.047942,0.000000,2604.724693
886.922099,-8216.285956,222.061783,-153.219100
886.922420,-8438.347739,0.000000,-842.705048
886.922740,-9104.533087,-444.123565,-153.219100
886.923061,-9770.718434,-1702.473667,459.657299
886.923382,-9992.780217,-2220.617826,-306.438199
886.923703,-9474.636058,-1554.432478,-842.705048
886.924023,-9622.677246,1332.370696,-459.657299
886.924344,-12287.418637,1998.556043,2528.115143
886.924665,-11473.192101,1258.350101,2987.772442
886.924986,-9992.780217,74.020594,1762.019645
886.925306,-9252.574275,-1258.350101,-919.314598
886.925627,-8956.491898,0.000000,383.047749
886.925948,-10584.944971,-666.185348,1455.581446
886.926268,-9696.697840,-666.185348,1991.848295
886.926589,-9030.512492,-444.123565,842.705048
886.926910,-8882.471304,74.020594,0.000000
886.927231,-9622.677246,1036.288319,842.705048
886.927551,-10658.965565,1110.308913,2145.067394
886.927872,-9400.615463,444.123565,1225.752797
886.928193,-8142.265362,74.020594,-612.876398
886.928514,-7698.141797,74.020594,-1532.190996
886.928834,-9696.697840,-444.123565,995.924147
886.929155,-10066.800811,-1702.473667,1838.629195
886.929476,-9770.718434,-2960.823768,-153.219100
886.929796,-8216.285956,1036.288319,306.438199
886.930117,-11325.150913,74.020594,766.095498
886.930438,-9770.718434,1258.350101,3294.210641
886.930759,-10732.986159,-1406.391290,1991.848295
886.931079,-9104.533087,-2072.576638,-76.609550
886.931400,-7105.977043,-1406.391290,-1915.238745
886.931721,-9178.553681,-962.267725,0.000000
886.932041,-10436.903782,222.061783,3600.648841
886.932362,-9178.553681,-1554.432478,2298.286494
886.932683,-9326.594869,0.000000,2604.724693
886.933004,-9178.553681,-296.082377,1838.629195
886.933324,-10436.903782,370.102971,3217.601092
886.933645,-11695.253884,666.185348,5362.668486
886.933966,-7476.080014,-1258.350101,2528.115143
886.934287,-7179.997637,-444.123565,0.000000
886.934607,-8660.409521,-444.123565,0.000000
886.934928,-8882.471304,0.000000,919.314598
886.935249,-10140.821405,-592.164754,1378.971896
886.935569,-9696.697840,-740.205942,383.047749
886.935890,-9178.553681,296.082377,-306.438199
886.936211,-10732.986159,888.247130,1608.800546
886.936532,-11621.233289,0.000000,2911.162892
886.936852,-10510.924376,-1480.411884,2374.896044
886.937173,-9104.533087,-2220.617826,0.000000
886.937494,-8586.388927,-1924.535449,-1225.752797
886.937815,-9474.636058,-666.185348,229.828649
886.938135,-10214.842000,0.000000,0.000000
886.938456,-9992.780217,0.000000,1915.238745
886.938777,-8808.450710,296.082377,383.047749
886.939097,-9770.718434,222.061783,919.314598
886.939418,-10732.986159,370.102971,2604.724693
886.939739,-10732.986159,-1258.350101,2681.334243
886.940060,-9770.718434,-1628.453072,1225.752797
886.940380,-8142.265362,-1184.329507,-766.095498
886.940701,-9252.574275,0.000000,-536.266849
886.941022,-10288.862594,0.000000,2374.896044
886.941342,-9770.718434,-370.102971,383.047749
886.941663,-8734.430116,-740.205942,-919.314598
886.941984,-8956.491898,0.000000,-995.924147
886.942305,-9622.677246,-148.041188,842.705048
886.942625,-11251.130318,222.061783,1838.629195
886.942946,-9770.718434,-1258.350101,1685.410096
886.943267,-8660.409521,-1258.350101,0.000000
886.943588,-8660.409521,-444.123565,0.000000
886.943908,-9548.656652,74.020594,1685.410096
886.944229,-10288.862594,888.247130,3217.601092
886.944550,-9474.636058,518.144159,2528.115143
886.944870,-9030.512492,962.267725,1532.190996
886.945191,-9622.677246,1110.308913,1991.848295
886.945512,-10362.883188,518.144159,2757.943793
886.945833,-9844.739029,-666.185348,2374.896044
886.946153,-8364.327145,-962.267725,536.266849
886.946474,-8068.244768,-444.123565,-766.095498
886.946795,-9252.574275,296.082377,306.438199
886.947116,-10214.842000,-148.041188,1455.581446
886.947436,-10140.821405,-1036.288319,919.314598
886.947757,-9696.697840,-962.267725,-153.219100
886.948078,-9844.739029,-592.164754,229.828649
886.948398,-10510.924376,-370.102971,2221.676944
886.948719,-10881.027347,-1554.432478,2757.943793
886.949040,-9400.615463,-1776.494261,1302.362347
886.949361,-8364.327145,-1184.329507,-536.266849
886.949681,-9326.594869,1036.288319,-306.438199
886.950002,-9844.739029,1036.288319,1532.190996
886.950323,-10140.821405,296.082377,2068.457845
886.950643,-9474.636058,0.000000,1225.752797
886.950964,-9474.636058,0.000000,1225.752797
886.951285,-10288.862594,-370.102971,2298.286494
886.951606,-10658.965565,-518.144159,3140.991542
886.951926,-10140.821405,-1332.370696,2374.896044
886.952247,-8586.388927,-444.123565,153.219100
886.952568,-8586.388927,0.000000,-1072.533697
886.952889,-8956.491898,962.267725,0.000000
886.953209,-10140.821405,444.123565,612.876398
886.953530,-9548.656652,518.144159,306.438199
886.953851,-8882.471304,740.205942,0.000000
886.954171,-10066.800811,888.247130,995.924147
886.954492,-10807.006753,-74.020594,2221.676944
886.954813,-10510.924376,-1184.329507,1991.848295
886.955134,-9474.636058,-1776.494261,229.828649
886.955454,-8438.347739,-1036.288319,-1149.143247
886.955775,-9030.512492,0.000000,-536.266849
886.956096,-9548.656652,740.205942,766.095498
886.956417,-9474.636058,222.061783,842.705048
886.956737,-9474.636058,-296.082377,153.219100
886.957058,-9252.574275,0.000000,306.438199
886.957379,-10658.965565,-148.041188,1991.848295
886.957699,-10807.006753,-518.144159,3064.381992
886.958020,-9548.656652,-1776.494261,2374.896044
886.958341,-8364.327145,-740.205942,306.438199
886.958662,-9030.512492,-74.020594,153.219100
886.958982,-9474.636058,-148.041188,1225.752797
886.959303,-9844.739029,-962.267725,1149.143247
886.959624,-9030.512492,-740.205942,0.000000
886.959944,-9474.636058,0.000000,-229.828649
886.960265,-10140.821405,666.185348,1915.238745
886.960586,-10881.027347,-370.102971,3294.210641
886.960907,-9696.697840,-2072.576638,1838.629195
886.961227,-9030.512492,-2368.659014,0.000000
886.961548,-8882.471304,-1110.308913,0.000000
886.961869,-9474.636058,148.041188,1532.190996
886.962190,-9696.697840,814.226536,3064.381992
886.962510,-9770.718434,0.000000,2145.067394
886.962831,-9104.533087,-592.164754,1072.533697
886.963152,-9474.636058,-592.164754,1149.143247
886.963472,-10362.883188,-148.041188,3447.429741
886.963793,-10658.965565,-370.102971,3294.210641
886.964114,-9178.553681,-518.144159,1685.410096
886.964435,-7846.182985,-148.041188,0.000000
886.964755,-8586.388927,444.123565,229.828649
886.965076,-10066.800811,0.000000,1378.971896
886.965397,-9992.780217,-962.267725,919.314598
886.965718,-9474.636058,-814.226536,-766.095498
886.966038,-9474.636058,-296.082377,76.609550
886.966359,-10362.883188,1332.370696,1991.848295
886.966680,-10881.027347,-444.123565,3370.820191
886.967000,-10140.821405,-1554.432478,2451.505594
886.967321,-8808.450710,-2294.638420,-612.876398
886.967642,-8438.347739,-1110.308913,-612.876398
886.967963,-9400.615463,296.082377,536.266849
886.968283,-9844.739029,518.144159,1608.800546
886.968604,-9474.636058,444.123565,689.485948
886.968925,-8882.471304,1036.288319,0.000000
886.969245,-9474.636058,222.061783,842.705048
886.969566,-10807.006753,0.000000,2911.162892
886.969887,-10955.047942,-1036.288319,2681.334243
886.970208,-9252.574275,-518.144159,995.924147
886.970528,-7550.100608,-370.102971,-842.705048
886.970849,-8808.450710,1258.350101,0.000000
886.971170,-10436.903782,740.205942,1532.190996
886.971491,-9992.780217,-518.144159,536.266849
886.971811,-9104.533087,-444.123565,-842.705048
886.972132,-9400.615463,-296.082377,-383.047749
886.972453,-10584.944971,0.000000,2145.067394
886.972773,-11325.150913,-1332.370696,2911.162892
886.973094,-9844.739029,-1628.453072,995.924147
886.973415,-8438.347739,-1184.329507,-766.095498
886.973736,-9030.512492,-518.144159,-536.266849
886.974056,-10140.821405,0.000000,1608.800546
886.974377,-10214.842000,-444.123565,1762.019645
886.974698,-9474.636058,-296.082377,612.876398
886.975019,-8364.327145,148.041188,229.828649
886.975339,-10214.842000,0.000000,1455.581446
886.975660,-10362.883188,148.041188,3370.820191
886.975981,-10288.862594,-1110.308913,2911.162892
886.976301,-8290.306550,-962.267725,536.266849
886.976622,-8586.388927,148.041188,229.828649
886.976943,-9474.636058,444.123565,1532.190996
886.977264,-10140.821405,-296.082377,2145.067394
886.977584,-9104.533087,-370.102971,1532.190996
886.977905,-9252.574275,-666.185348,0.000000
886.978226,-9474.636058,222.061783,1225.752797
886.978546,-10881.027347,-222.061783,3447.429741
886.978867,-10510.924376,-1776.494261,3140.991542
886.979188,-8734.430116,-2146.597232,1225.752797
886.979509,-8808.450710,-2072.576638,-459.657299
886.979829,-8586.388927,-148.041188,153.219100
886.980150,-9992.780217,74.020594,1915.238745
886.980471,-9992.780217,-962.267725,2145.067394
886.980792,-9104.533087,0.000000,919.314598
886.981112,-9548.656652,666.185348,459.657299
886.981433,-10658.965565,814.226536,2374.896044
886.981754,-10807.006753,370.102971,3294.210641
886.982074,-9992.780217,-1332.370696,2068.457845
886.982395,-8142.265362,-814.226536,0.000000
886.982716,-8734.430116,-592.164754,-153.219100
886.983037,-8956.491898,-444.123565,995.924147
886.983357,-10436.903782,-1850.514855,1225.752797
886.983678,-8808.450710,-666.185348,-842.705048
886.983999,-9548.656652,0.000000,-1149.143247
886.984320,-10288.862594,1184.329507,612.876398
886.984640,-11547.212695,666.185348,2298.286494
886.984961,-10807.006753,-1406.391290,1685.410096
886.985282,-8808.450710,-1480.411884,-689.485948
886.985602,-9326.594869,-1702.473667,-995.924147
886.985923,-9474.636058,0.000000,306.438199
886.986244,-10288.862594,222.061783,1225.752797
886.986565,-9548.656652,296.082377,919.314598
886.986885,-8734.430116,222.061783,0.000000
886.987206,-9622.677246,814.226536,306.438199
886.987527,-11325.150913,370.102971,2145.067394
886.987847,-9992.780217,444.123565,2298.286494
886.988168,-10288.862594,-666.185348,1225.752797
886.988489,-8142.265362,-296.082377,-689.485948
886.988810,-8660.409521,-1110.308913,-612.876398
886.989130,-10214.842000,-1184.329507,995.924147
886.989451,-9474.636058,-2072.576638,306.438199
886.989772,-9326.594869,-1554.432478,-612.876398
886.990093,-9548.656652,148.041188,459.657299
886.990413,-10140.821405,666.185348,2221.676944
886.990734,-10955.047942,-370.102971,4213.525239
886.991055,-9622.677246,-2516.700203,1991.848295
886.991375,-7994.224174,-2294.638420,-153.219100
886.991696,-7994.224174,-1702.473667,-383.047749
886.992017,-9252.574275,148.041188,1915.238745
886.992338,-10214.842000,1110.308913,3677.258390
886.992659,-9622.677246,1110.308913,2987.772442
886.992979,-9400.615463,1406.391290,2068.457845
886.993300,-10362.883188,592.164754,3370.820191
886.993621,-11399.171507,-296.082377,4749.792088
886.993942,-10584.944971,-1406.391290,3677.258390
886.994263,-8660.409521,-1924.535449,1302.362347
886.994583,-7994.224174,-1036.288319,-153.219100
886.994904,-8586.388927,-1036.288319,383.047749
886.995225,-8956.491898,0.000000,919.314598
886.995546,-9400.615463,-296.082377,-459.657299
886.995866,-9400.615463,148.041188,-1225.752797
886.996187,-9992.780217,-296.082377,0.000000
886.996508,-10658.965565,148.041188,2987.772442
886.996829,-11029.068536,-1480.411884,2528.115143
886.997150,-9918.759623,-1406.391290,536.266849
886.997470,-8956.491898,-1850.514855,-842.705048
886.997791,-9326.594869,0.000000,-306.438199
886.998112,-9992.780217,666.185348,383.047749
886.998433,-9844.739029,1110.308913,612.876398
886.998753,-9770.718434,814.226536,0.000000
886.999074,-9178.553681,740.205942,-383.047749
886.999395,-10140.821405,740.205942,612.876398
886.999716,-11103.089130,-592.164754,2221.676944
887.000037,-9548.656652,-1776.494261,1991.848295
887.000357,-8808.450710,-1702.473667,-383.047749
887.000678,-8882.471304,-962.267725,-842.705048
887.000999,-9622.677246,296.082377,459.657299
887.001320,-11029.068536,370.102971,153.219100
887.001640,-9696.697840,74.020594,536.266849
887.001961,-9326.594869,666.185348,-383.047749
887.002282,-10214.842000,592.164754,919.314598
887.002603,-10436.903782,-222.061783,2374.896044
887.002924,-9696.697840,-1406.391290,2221.676944
887.003244,-8586.388927,-1628.453072,612.876398
887.003565,-8364.327145,-1110.308913,-689.485948
887.003886,-8956.491898,370.102971,536.266849
887.004207,-9844.739029,814.226536,1838.629195
887.004527,-9770.718434,444.123565,2145.067394
887.004848,-9252.574275,-444.123565,1072.533697
887.005169,-9400.615463,-518.144159,612.876398
887.005490,-10140.821405,0.000000,2298.286494
887.005811,-10436.903782,-592.164754,3600.648841
887.006131,-9844.739029,-1406.391290,2681.334243
887.006452,-8734.430116,-1110.308913,1072.533697
887.006773,-8734.430116,-296.082377,459.657299
887.007094,-9918.759623,-222.061783,1991.848295
887.007414,-10436.903782,-1258.350101,2451.505594
887.007735,-10140.821405,-1406.391290,842.705048
887.008056,-9474.636058,-1258.350101,0.000000
887.008377,-10362.883188,1332.370696,2681.334243
887.008698,-11103.089130,-296.082377,3830.477490
887.009018,-9992.780217,-1480.411884,2528.115143
887.009339,-8364.327145,-1480.411884,153.219100
887.009660,-8216.285956,-1110.308913,-1455.581446
887.009981,-8734.430116,296.082377,459.657299
887.010301,-9918.759623,222.061783,1915.238745
887.010622,-9548.656652,0.000000,1532.190996
887.010943,-9178.553681,74.020594,459.657299
887.011264,-9918.759623,0.000000,1685.410096
887.011585,-10066.800811,1036.288319,2911.162892
887.011905,-11621.233289,-296.082377,3217.601092
887.012226,-9770.718434,-814.226536,1762.019645
887.012547,-8734.430116,-888.247130,0.000000
887.012868,-8734.430116,-518.144159,-689.485948
887.013188,-9252.574275,0.000000,306.438199
887.013509,-9992.780217,-888.247130,1072.533697
887.013830,-8882.471304,-962.267725,229.828649
887.014151,-8882.471304,370.102971,-1302.362347
887.014472,-10066.800811,1036.288319,306.438199
887.014792,-10658.965565,740.205942,2374.896044
887.015113,-10510.924376,-740.205942,1378.971896
887.015434,-8734.430116,-888.247130,-459.657299
887.015755,-8660.409521,-296.082377,-536.266849
887.016075,-9770.718434,-518.144159,766.095498
887.016396,-9844.739029,-1036.288319,1455.581446
887.016717,-9474.636058,-1258.350101,0.000000
887.017038,-8808.450710,0.000000,-766.095498
887.017359,-9622.677246,592.164754,0.000000
887.017679,-10510.924376,814.226536,2298.286494
887.018000,-10732.986159,-444.123565,1838.629195
887.018321,-9474.636058,-444.123565,612.876398
887.018642,-9030.512492,-592.164754,0.000000
887.018962,-9326.594869,-592.164754,842.705048
887.019283,-9844.739029,-888.247130,1762.019645
887.019604,-9548.656652,-1184.329507,536.266849
887.019925,-9178.553681,-370.102971,459.657299
887.020246,-9326.594869,296.082377,383.047749
887.020566,-9104.533087,370.102971,1455.581446
887.020887,-9992.780217,296.082377,2298.286494
887.021208,-8216.285956,-222.061783,0.000000
887.021529,-8586.388927,-740.205942,-842.705048
887.021849,-8808.450710,666.185348,842.705048
887.022170,-10584.944971,-666.185348,2757.943793
887.022491,-11029.068536,-1332.370696,3983.696590
887.022812,-11251.130318,-2146.597232,3524.039291
887.023133,-9918.759623,-1036.288319,2757.943793
887.023453,-10658.965565,444.123565,3907.087040
887.023774,-10510.924376,740.205942,4290.134789
887.024095,-9252.574275,-148.041188,2834.553343
887.024416,-7994.224174,-444.123565,306.438199
887.024736,-7402.059420,-666.185348,-842.705048
887.025057,-8290.306550,0.000000,766.095498
887.025378,-9696.697840,-1332.370696,1532.190996
887.025699,-9918.759623,-1258.350101,1225.752797
887.026020,-9844.739029,-518.144159,612.876398
887.026340,-10436.903782,222.061783,2068.457845
887.026661,-11029.068536,370.102971,3294.210641
887.026982,-10807.006753,-1406.391290,2604.724693
887.027303,-9622.677246,-1924.535449,689.485948
887.027623,-8290.306550,-888.247130,-1378.971896
887.027944,-8808.450710,-74.020594,-995.924147
887.028265,-9622.677246,444.123565,1302.362347
887.028586,-9696.697840,74.020594,1532.190996
887.028907,-9622.677246,-592.164754,689.485948
887.029227,-9178.553681,1628.453072,536.266849
887.029548,-10807.006753,1036.288319,2451.505594
887.029869,-10807.006753,74.020594,3447.429741
887.030190,-9918.759623,-1036.288319,1455.581446
887.030510,-8068.244768,444.123565,-689.485948
887.030831,-8586.388927,296.082377,-1685.410096
887.031152,-9252.574275,962.267725,153.219100
887.031473,-10436.903782,0.000000,306.438199
887.031794,-9622.677246,-148.041188,-919.314598
887.032114,-9474.636058,444.123565,-1225.752797
887.032435,-10288.862594,888.247130,689.485948
887.032756,-11399.171507,74.020594,2911.162892
887.033077,-10881.027347,-1480.411884,2604.724693
887.033398,-8660.409521,-2294.638420,536.266849
887.033718,-8216.285956,-1702.473667,-995.924147
887.034039,-8956.491898,-370.102971,-229.828649
887.034360,-9844.739029,666.185348,1762.019645
887.034681,-9548.656652,370.102971,842.705048
887.035001,-9326.594869,518.144159,689.485948
887.035322,-9474.636058,518.144159,995.924147
887.035643,-10584.944971,74.020594,2451.505594
887.035964,-10510.924376,-740.205942,3217.601092
887.036285,-9770.718434,-1110.308913,1532.190996
887.036605,-8438.347739,-296.082377,0.000000
887.036926,-8660.409521,740.205942,0.000000
887.037247,-9252.574275,148.041188,1225.752797
887.037568,-9918.759623,-888.247130,842.705048
887.037888,-9622.677246,-592.164754,689.485948
887.038209,-9622.677246,-444.123565,842.705048
887.038530,-10066.800811,0.000000,2681.334243
887.038851,-10732.986159,-666.185348,3907.087040
887.039172,-9844.739029,-1850.514855,2681.334243
887.039492,-8660.409521,-1480.411884,612.876398
887.039813,-8068.244768,-740.205942,0.000000
887.040134,-8882.471304,-148.041188,919.314598
887.040455,-9918.759623,0.000000,1608.800546
887.040775,-9770.718434,-444.123565,1762.019645
887.041096,-9030.512492,0.000000,459.657299
887.041417,-9622.677246,592.164754,1838.629195
887.041738,-11325.150913,518.144159,3140.991542
887.042059,-10288.862594,-222.061783,3217.601092
887.042379,-9474.636058,-1184.329507,1072.533697
887.042700,-8808.450710,-592.164754,-612.876398
887.043021,-8882.471304,518.144159,-1455.581446
887.043342,-9548.656652,-444.123565,229.828649
887.043662,-9548.656652,-814.226536,0.000000
887.043983,-9030.512492,-1332.370696,-1302.362347
887.044304,-9400.615463,0.000000,-689.485948
887.044625,-10955.047942,0.000000,1455.581446
887.044946,-10732.986159,-296.082377,2911.162892
887.045266,-10658.965565,-1332.370696,2068.457845
887.045587,-9030.512492,-1110.308913,-612.876398
887.045908,-8068.244768,0.000000,-612.876398
887.046229,-9770.718434,1184.329507,1225.752797
887.046549,-9992.780217,814.226536,2221.676944
887.046870,-9622.677246,74.020594,536.266849
887.047191,-8956.491898,-740.205942,306.438199
887.047512,-9474.636058,0.000000,306.438199
887.047833,-10510.924376,222.061783,2451.505594
887.048153,-10732.986159,-1184.329507,2374.896044
887.048474,-9030.512492,-222.061783,153.219100
887.048795,-8438.347739,-444.123565,-612.876398
887.049116,-8956.491898,-222.061783,229.828649
887.049436,-10288.862594,-814.226536,1608.800546
887.049757,-9992.780217,-2072.576638,766.095498
887.050078,-9548.656652,-1702.473667,-766.095498
887.050399,-9400.615463,-888.247130,0.000000
887.050720,-9844.739029,-222.061783,2145.067394
887.051040,-10807.006753,-1184.329507,3217.601092
887.051361,-9178.553681,-1184.329507,3830.477490
887.051682,-8586.388927,-592.164754,229.828649
887.052003,-8808.450710,222.061783,459.657299
887.052323,-9844.739029,740.205942,2374.896044
887.052644,-10288.862594,296.082377,2681.334243
887.052965,-9474.636058,518.144159,1685.410096
887.053286,-9400.615463,-518.144159,1149.143247
887.053607,-9474.636058,962.267725,2451.505594
887.053927,-10510.924376,-296.082377,3447.429741
887.054248,-9696.697840,-1332.370696,2757.943793
887.054569,-8586.388927,-444.123565,842.705048
887.054890,-8734.430116,-592.164754,-76.609550
887.055210,-9104.533087,0.000000,995.924147
887.055531,-10214.842000,-1332.370696,2911.162892
887.055852,-9622.677246,-1554.432478,459.657299
887.056173,-9400.615463,-1036.288319,-842.705048
887.056494,-9548.656652,740.205942,1455.581446
887.056814,-11473.192101,222.061783,3600.648841
887.057135,-10881.027347,-370.102971,3217.601092
887.057456,-9474.636058,-1406.391290,383.047749
887.057777,-8364.327145,-370.102971,-1149.143247
887.058097,-8734.430116,296.082377,0.000000
887.058418,-9844.739029,1110.308913,2834.553343
887.058739,-10214.842000,518.144159,1991.848295
887.059060,-9030.512492,0.000000,459.657299
887.059381,-9252.574275,888.247130,383.047749
887.059701,-10362.883188,1110.308913,1991.848295
887.060022,-11325.150913,0.000000,2911.162892
887.060343,-9770.718434,0.000000,1762.019645
887.060664,-8438.347739,0.000000,-383.047749
887.060984,-9252.574275,296.082377,0.000000
887.061305,-10140.821405,222.061783,2221.676944
887.061626,-11251.130318,-1776.494261,1991.848295
887.061947,-9992.780217,-1924.535449,766.095498
887.062268,-9474.636058,-1702.473667,153.219100
887.062588,-9030.512492,-592.164754,1532.190996
887.062909,-9918.759623,-962.267725,2145.067394
887.063230,-9474.636058,-1332.370696,919.314598
887.063551,-7179.997637,-592.164754,-1378.971896
887.063871,-7105.977043,-666.185348,-766.095498
887.064192,-8364.327145,444.123565,-306.438199
887.064513,-9474.636058,-296.082377,1149.143247
887.064834,-9992.780217,-518.144159,1762.019645
887.065155,-9548.656652,-444.123565,919.314598
887.065475,-9622.677246,296.082377,1608.800546
887.065796,-11251.130318,370.102971,3753.867940
887.066117,-10362.883188,-148.041188,3217.601092
887.066438,-9474.636058,-1036.288319,919.314598
887.066758,-7920.203579,74.020594,-1072.533697
887.067079,-8068.244768,296.082377,-612.876398
887.067400,-9474.636058,0.000000,842.705048
887.067721,-9992.780217,-962.267725,1072.533697
887.068042,-9252.574275,-1036.288319,306.438199
887.068362,-9622.677246,-296.082377,459.657299
887.068683,-11103.089130,0.000000,2757.943793
887.069004,-11769.274478,-1036.288319,4596.572988
887.069325,-10362.883188,-1924.535449,1991.848295
887.069645,-8808.450710,-1184.329507,-536.266849
887.069966,-8364.327145,0.000000,-612.876398
887.070287,-9992.780217,148.041188,612.876398
887.070608,-10288.862594,962.267725,1685.410096
887.070929,-9622.677246,592.164754,229.828649
887.071249,-9548.656652,1332.370696,689.485948
887.071570,-10066.800811,1110.308913,1838.629195
887.071891,-11177.109724,74.020594,3524.039291
887.072212,-9548.656652,-1480.411884,3753.867940
887.072532,-9104.533087,-1628.453072,842.705048
887.072853,-8512.368333,-666.185348,0.000000
887.073174,-9326.594869,518.144159,306.438199
887.073495,-9770.718434,518.144159,1762.019645
887.073816,-9622.677246,0.000000,383.047749
887.074136,-9104.533087,-222.061783,-383.047749
887.074457,-10140.821405,0.000000,-229.828649
887.074778,-10955.047942,0.000000,2298.286494
887.075099,-11103.089130,-1184.329507,2298.286494
887.075420,-9474.636058,-1924.535449,689.485948
887.075740,-8142.265362,-1110.308913,-1072.533697
887.076061,-7994.224174,-444.123565,-766.095498
887.076382,-8660.409521,814.226536,1532.190996
887.076703,-9474.636058,0.000000,1072.533697
887.077023,-8216.285956,-592.164754,153.219100
887.077344,-8660.409521,-740.205942,306.438199
887.077665,-9696.697840,148.041188,2221.676944
887.077986,-10732.986159,0.000000,3907.087040
887.078307,-10140.821405,-962.267725,3140.991542
887.078627,-8808.450710,-444.123565,1302.362347
887.078948,-8956.491898,222.061783,0.000000
887.079269,-9548.656652,666.185348,689.485948
887.079590,-9918.759623,-518.144159,1302.362347
887.079910,-9400.615463,-962.267725,-306.438199
887.080231,-9252.574275,-592.164754,-1225.752797
887.080552,-8808.450710,296.082377,1915.238745
887.080873,-10584.944971,0.000000,2604.724693
887.081194,-11029.068536,-1480.411884,2681.334243
887.081514,-9622.677246,-2294.638420,306.438199
887.081835,-8808.450710,-1554.432478,-1072.533697
887.082156,-9696.697840,-222.061783,536.266849
887.082477,-9770.718434,518.144159,2451.505594
887.082797,-10584.944971,0.000000,2451.505594
887.083118,-9770.718434,-296.082377,1455.581446
887.083439,-9178.553681,-518.144159,612.876398
887.083760,-10362.883188,-222.061783,2757.943793
887.084081,-10807.006753,-888.247130,3524.039291
887.084401,-9548.656652,-1036.288319,2374.896044
887.084722,-8142.265362,0.000000,1455.581446
887.085043,-8512.368333,1110.308913,0.000000
887.085364,-9696.697840,962.267725,1378.971896
887.085684,-10362.883188,-148.041188,1378.971896
887.086005,-9622.677246,-1110.308913,612.876398
887.086326,-9178.553681,-1184.329507,-612.876398
887.086647,-10214.842000,-592.164754,1532.190996
887.086968,-10362.883188,-1036.288319,2987.772442
887.087288,-10436.903782,-1850.514855,2451.505594
887.087609,-9030.512492,-1480.411884,0.000000
887.087930,-8068.244768,-592.164754,-1532.190996
887.088251,-8586.388927,444.123565,-306.438199
887.088571,-8956.491898,814.226536,919.314598
887.088892,-9548.656652,-592.164754,0.000000
887.089213,-8956.491898,148.041188,459.657299
887.089534,-9474.636058,148.041188,1149.143247
887.089855,-10658.965565,222.061783,3370.820191
887.090175,-11325.150913,-1332.370696,4213.525239
887.090496,-9844.739029,-1998.556043,1991.848295
887.090817,-8438.347739,-1332.370696,383.047749
887.091138,-8216.285956,-370.102971,-229.828649
887.091458,-9252.574275,-370.102971,536.266849
887.091779,-8734.430116,-1406.391290,153.219100
887.092100,-8290.306550,-1110.308913,-1532.190996
887.092421,-8808.450710,-222.061783,-1378.971896
887.092742,-10140.821405,814.226536,1991.848295
887.093062,-11325.150913,222.061783,2911.162892
887.093383,-10807.006753,-1332.370696,2451.505594
887.093704,-9474.636058,-1480.411884,536.266849
887.094025,-9104.533087,-370.102971,0.000000
887.094346,-9992.780217,740.205942,1838.629195
887.094666,-9992.780217,592.164754,2528.115143
887.094987,-9770.718434,444.123565,1762.019645
887.095308,-9400.615463,1184.329507,76.609550
887.095629,-9474.636058,1480.411884,1302.362347
887.095949,-10807.006753,1110.308913,2911.162892
887.096270,-10732.986159,222.061783,3217.601092
887.096591,-9474.636058,-592.164754,1302.362347
887.096912,-8882.471304,0.000000,459.657299
887.097233,-9844.739029,222.061783,2987.772442
887.097553,-10658.965565,0.000000,2451.505594
887.097874,-10288.862594,-370.102971,1685.410096
887.098195,-9400.615463,0.000000,-153.219100
887.098516,-9474.636058,370.102971,76.609550
887.098837,-9622.677246,444.123565,2451.505594
887.099157,-10732.986159,-1480.411884,2604.724693
887.099478,-9474.636058,-2072.576638,1608.800546
887.099799,-8734.430116,-2072.576638,-612.876398
887.100120,-8660.409521,0.000000,0.000000
887.100440,-9918.759623,0.000000,1685.410096
887.100761,-9770.718434,-444.123565,2145.067394
887.101082,-9104.533087,-518.144159,919.314598
887.101403,-8660.409521,518.144159,-459.657299
887.101724,-9548.656652,592.164754,1838.629195
887.102044,-10732.986159,0.000000,4060.306139
887.102365,-9474.636058,-1554.432478,2528.115143
887.102686,-8068.244768,-2146.597232,229.828649
887.103007,-7402.059420,-1480.411884,-1302.362347
887.103328,-8512.368333,0.000000,-153.219100
887.103648,-9770.718434,-222.061783,842.705048
887.103969,-9400.615463,-666.185348,0.000000
887.104290,-8290.306550,-1036.288319,-766.095498
887.104611,-9474.636058,-148.041188,383.047749
887.104931,-11473.192101,-1702.473667,2298.286494
887.105252,-10584.944971,-2368.659014,2451.505594
887.105573,-9400.615463,-3997.112087,612.876398
887.105894,-8068.244768,-2368.659014,-1608.800546
887.106215,-8956.491898,-592.164754,-229.828649
887.106535,-9844.739029,0.000000,1149.143247
887.106856,-9696.697840,370.102971,995.924147
887.107177,-9400.615463,222.061783,0.000000
887.107498,-9400.615463,296.082377,0.000000
887.107819,-10510.924376,740.205942,1608.800546
887.108139,-11251.130318,-666.185348,2604.724693
887.108460,-10214.842000,-1702.473667,1608.800546
887.108781,-9326.594869,-1332.370696,0.000000
887.109102,-9326.594869,0.000000,76.609550
887.109423,-10436.903782,0.000000,1149.143247
887.109743,-10584.944971,-444.123565,919.314598
887.110064,-9992.780217,-370.102971,153.219100
887.110385,-9030.512492,74.020594,-383.047749
887.110706,-10362.883188,0.000000,766.095498
887.111026,-10214.842000,0.000000,2604.724693
887.111347,-10732.986159,-1480.411884,2145.067394
887.111668,-9030.512492,-2146.597232,153.219100
887.111989,-8216.285956,-370.102971,-306.438199
887.112310,-9548.656652,148.041188,1149.143247
887.112630,-9696.697840,1184.329507,2604.724693
887.112951,-10066.800811,0.000000,2451.505594
887.113272,-9104.533087,-148.041188,1072.533697
887.113593,-9326.594869,0.000000,1072.533697
887.113914,-9992.780217,0.000000,3600.648841
887.114234,-10140.821405,-518.144159,4060.306139
887.114555,-8586.388927,-1110.308913,1455.581446
887.114876,-7550.100608,-444.123565,-306.438199
887.115197,-7772.162391,518.144159,0.000000
887.115517,-9548.656652,444.123565,1915.238745
887.115838,-9918.759623,-518.144159,2374.896044
887.116159,-9178.553681,-1258.350101,919.314598
887.116480,-9178.553681,-962.267725,383.047749
887.116801,-9474.636058,-444.123565,1302.362347
887.117121,-10881.027347,0.000000,3524.039291
887.117442,-10214.842000,-370.102971,2681.334243
887.117763,-8586.388927,-296.082377,-153.219100
887.118084,-8586.388927,296.082377,-1149.143247
887.118405,-9400.615463,1258.350101,0.000000
887.118725,-9992.780217,1036.288319,1532.190996
887.119046,-10288.862594,296.082377,842.705048
887.119367,-9178.553681,592.164754,-306.438199
887.119688,-9918.759623,1258.350101,689.485948
887.120008,-10955.047942,1258.350101,3064.381992
887.120329,-11325.150913,-222.061783,2604.724693
887.120650,-9548.656652,-444.123565,1302.362347
887.120971,-8808.450710,-74.020594,-766.095498
887.121292,-9178.553681,370.102971,-153.219100
887.121612,-10436.903782,74.020594,1532.190996
887.121933,-10362.883188,-592.164754,995.924147
887.122254,-9474.636058,0.000000,-2221.676944
887.122575,-9474.636058,518.144159,-689.485948
887.122896,-10807.006753,1036.288319,1532.190996
887.123216,-11399.171507,0.000000,2451.505594
887.123537,-10214.842000,-740.205942,1685.410096
887.123858,-9178.553681,-1480.411884,-842.705048
887.124179,-7920.203579,-888.247130,-1072.533697
887.124499,-9548.656652,-444.123565,459.657299
887.124820,-9548.656652,-444.123565,1915.238745
887.125141,-9326.594869,-444.123565,1762.019645
887.125462,-8660.409521,-444.123565,536.266849
887.125783,-9326.594869,296.082377,1685.410096
887.126103,-10214.842000,0.000000,3677.258390
887.126424,-10214.842000,-518.144159,4596.572988
887.126745,-8216.285956,-1036.288319,1838.629195
887.127066,-7846.182985,-962.267725,383.047749
887.127387,-8364.327145,-518.144159,842.705048
887.127707,-9474.636058,-666.185348,2298.286494
887.128028,-10066.800811,-1184.329507,1608.800546
887.128349,-8956.491898,-74.020594,1072.533697
887.128670,-9992.780217,-370.102971,1149.143247
887.128990,-10214.842000,0.000000,3140.991542
887.129311,-10362.883188,-1332.370696,3524.039291
887.129632,-9844.739029,-1702.473667,1685.410096
887.129953,-8290.306550,-1702.473667,-612.876398
887.130274,-8956.491898,-814.226536,-229.828649
887.130594,-9844.739029,-444.123565,2145.067394
887.130915,-9622.677246,-592.164754,766.095498
887.131236,-9992.780217,0.000000,383.047749
887.131557,-9770.718434,74.020594,153.219100
887.131878,-10288.862594,296.082377,1685.410096
887.132198,-11769.274478,-1332.370696,2834.553343
887.132519,-8882.471304,-370.102971,2145.067394
887.132840,-10066.800811,-1998.556043,612.876398
887.133161,-8586.388927,0.000000,536.266849
887.133481,-9844.739029,-814.226536,2145.067394
887.133802,-11251.130318,-1480.411884,1915.238745
887.134123,-9400.615463,-2294.638420,-459.657299
887.134444,-9548.656652,-1258.350101,-1072.533697
887.134765,-9992.780217,0.000000,689.485948
887.135085,-9548.656652,-296.082377,689.485948
887.135406,-10436.903782,0.000000,1378.971896
887.135727,-8068.244768,-962.267725,-1532.190996
887.136048,-8290.306550,74.020594,-2528.115143
887.136369,-9770.718434,1702.473667,1072.533697
887.136689,-9770.718434,1110.308913,1532.190996
887.137010,-9622.677246,0.000000,1455.581446
887.137331,-9918.759623,-1036.288319,1149.143247
887.137652,-8808.450710,0.000000,1685.410096
887.137972,-10510.924376,222.061783,2604.724693
887.138293,-10436.903782,-296.082377,3447.429741
887.138614,-8734.430116,-296.082377,1532.190996
887.138935,-7920.203579,-518.144159,-1149.143247
887.139256,-8364.327145,444.123565,-153.219100
887.139576,-9252.574275,0.000000,1072.533697
887.139897,-9622.677246,-962.267725,1302.362347
887.140218,-9400.615463,-1332.370696,229.828649
887.140539,-9030.512492,-666.185348,153.219100
887.140860,-10140.821405,296.082377,2068.457845
887.141180,-11399.171507,0.000000,4213.525239
887.141501,-10362.883188,-518.144159,2604.724693
887.141822,-9844.739029,-888.247130,306.438199
887.142143,-8660.409521,148.041188,76.609550
887.142464,-9326.594869,148.041188,1762.019645
887.142784,-10066.800811,-222.061783,2757.943793
887.143105,-9696.697840,-888.247130,1838.629195
887.143426,-8660.409521,-740.205942,995.924147
887.143747,-9770.718434,-814.226536,2298.286494
887.144067,-10584.944971,222.061783,3907.087040
887.144388,-10807.006753,-518.144159,3907.087040
887.144709,-9474.636058,-1036.288319,1455.581446
887.145030,-8586.388927,74.020594,0.000000
887.145351,-9252.574275,74.020594,306.438199
887.145671,-10214.842000,592.164754,2221.676944
887.145992,-10214.842000,-296.082377,995.924147
887.146313,-9474.636058,-370.102971,153.219100
887.146634,-10288.862594,0.000000,0.000000
887.146955,-10436.903782,592.164754,1915.238745
887.147275,-11251.130318,0.000000,2834.553343
887.147596,-9770.718434,-370.102971,1685.410096
887.147917,-8660.409521,-444.123565,-766.095498
887.148238,-8216.285956,148.041188,-1072.533697
887.148558,-9178.553681,666.185348,153.219100
887.148879,-9326.594869,0.000000,1149.143247
887.149200,-9474.636058,-1036.288319,306.438199
887.149521,-8586.388927,-1036.288319,-229.828649
887.149842,-9252.574275,-666.185348,306.438199
887.150162,-10362.883188,-296.082377,1991.848295
887.150483,-10362.883188,-518.144159,2374.896044
887.150804,-9104.533087,-518.144159,995.924147
887.151125,-8956.491898,0.000000,-612.876398
887.151446,-8882.471304,0.000000,842.705048
887.151766,-9992.780217,-888.247130,842.705048
887.152087,-9474.636058,-888.247130,229.828649
887.152408,-9252.574275,-148.041188,-383.047749
887.152729,-9400.615463,888.247130,153.219100
887.153049,-10436.903782,1184.329507,2374.896044
887.153370,-10658.965565,0.000000,2987.772442
887.153691,-9992.780217,-1332.370696,1762.019645
887.154012,-8586.388927,-1110.308913,-536.266849
887.154333,-7920.203579,-1110.308913,-536.266849
887.154653,-8882.471304,592.164754,919.314598
887.154974,-9696.697840,-370.102971,1149.143247
887.155295,-9400.615463,370.102971,766.095498
887.155616,-9030.512492,-666.185348,1915.238745
887.155937,-10140.821405,1110.308913,1762.019645
887.156257,-11473.192101,148.041188,4136.915689
887.156578,-10732.986159,-1332.370696,3524.039291
887.156899,-9696.697840,-1702.473667,1532.190996
887.157220,-9252.574275,-1406.391290,612.876398
887.157540,-9474.636058,-1036.288319,1838.629195
887.157861,-10436.903782,-1480.411884,2604.724693
887.158182,-9844.739029,-1258.350101,1149.143247
887.158503,-8808.450710,-148.041188,0.000000
887.158824,-9400.615463,1406.391290,766.095498
887.159144,-9918.759623,666.185348,2834.553343
887.159465,-10362.883188,-1036.288319,2834.553343
887.159786,-9252.574275,-1554.432478,2681.334243
887.160107,-8882.471304,-1110.308913,-153.219100
887.160428,-9474.636058,444.123565,1225.752797
887.160748,-10658.965565,666.185348,2911.162892
887.161069,-10214.842000,-148.041188,2374.896044
887.161390,-9326.594869,0.000000,383.047749
887.161711,-9030.512492,-370.102971,306.438199
887.162031,-9918.759623,-666.185348,1302.362347
887.162352,-10288.862594,-1332.370696,2451.505594
887.162673,-9770.718434,-2368.659014,1378.971896
887.162994,-7920.203579,-1258.350101,-1225.752797
887.163315,-8438.347739,0.000000,-919.314598
887.163635,-9400.615463,814.226536,842.705048
887.163956,-9992.780217,1480.411884,2911.162892
887.164277,-9770.718434,-444.123565,153.219100
887.164598,-9252.574275,-222.061783,-459.657299
887.164919,-9696.697840,74.020594,383.047749
887.165239,-10732.986159,0.000000,2374.896044
887.165560,-10066.800811,-1258.350101,1838.629195
887.165881,-8364.327145,-1332.370696,-153.219100
887.166202,-8216.285956,-962.267725,-1915.238745
887.166522,-8882.471304,370.102971,-383.047749
887.166843,-9696.697840,0.000000,1991.848295
887.167164,-10214.842000,74.020594,1455.581446
887.167485,-9918.759623,-666.185348,306.438199
887.167806,-9474.636058,814.226536,1225.752797
887.168126,-11399.171507,1110.308913,2221.676944
887.168447,-10658.965565,-814.226536,2681.334243
887.168768,-9474.636058,-1702.473667,612.876398
887.169089,-7994.224174,-962.267725,-1072.533697
887.169410,-9252.574275,148.041188,-153.219100
887.169730,-10288.862594,296.082377,1532.190996
887.170051,-10362.883188,-666.185348,1455.581446
887.170372,-9474.636058,0.000000,306.438199
887.170693,-9770.718434,592.164754,306.438199
887.171014,-10658.965565,1332.370696,3217.601092
887.171334,-11251.130318,-444.123565,3217.601092
887.171655,-9844.739029,-1702.473667,1685.410096
887.171976,-8586.388927,-1998.556043,0.000000
887.172297,-8216.285956,-666.185348,-1302.362347
887.172617,-10066.800811,370.102971,2221.676944
887.172938,-10436.903782,74.020594,3370.820191
887.173259,-9918.759623,-518.144159,2221.676944
887.173580,-9104.533087,-666.185348,1149.143247
887.173901,-9696.697840,-370.102971,1915.238745
887.174221,-10658.965565,-888.247130,3524.039291
887.174542,-9696.697840,-1258.350101,2911.162892
887.174863,-8142.265362,-1184.329507,536.266849
887.175184,-7105.977043,0.000000,-536.266849
887.175505,-8660.409521,1332.370696,766.095498
887.175825,-9992.780217,592.164754,2451.505594
887.176146,-9844.739029,-592.164754,1072.533697
887.176467,-9400.615463,-444.123565,-1455.581446
887.176788,-9326.594869,-370.102971,536.266849
887.177108,-10288.862594,74.020594,2374.896044
887.177429,-10732.986159,-1110.308913,3677.258390
887.177750,-9178.553681,-1628.453072,1302.362347
887.178071,-8290.306550,-1406.391290,-995.924147
887.178392,-8438.347739,0.000000,-689.485948
887.178712,-9844.739029,1110.308913,1685.410096
887.179033,-10584.944971,592.164754,2451.505594
887.179354,-9918.759623,222.061783,689.485948
887.179675,-9252.574275,0.000000,153.219100
887.179996,-9844.739029,296.082377,1455.581446
887.180316,-10955.047942,370.102971,2757.943793
887.180637,-10288.862594,-444.123565,2068.457845
887.180958,-8586.388927,-296.082377,-689.485948
887.181279,-8216.285956,518.144159,-1608.800546
887.181599,-9400.615463,814.226536,-229.828649
887.181920,-10658.965565,0.000000,689.485948
887.182241,-10140.821405,-444.123565,306.438199
887.182562,-9770.718434,-370.102971,-689.485948
887.182883,-10436.903782,222.061783,612.876398
887.183203,-11177.109724,0.000000,3217.601092
887.183524,-10658.965565,-1036.288319,2451.505594
887.183845,-9622.677246,-1628.453072,1072.533697
887.184166,-8216.285956,-888.247130,-995.924147
887.184487,-9030.512492,888.247130,229.828649
887.184807,-9474.636058,2442.679609,2604.724693
887.185128,-9918.759623,444.123565,2604.724693
887.185449,-9474.636058,-444.123565,1225.752797
887.185770,-9104.533087,-444.123565,612.876398
887.186090,-9770.718434,-148.041188,2528.115143
887.186411,-10955.047942,-666.185348,4060.306139
887.186732,-9326.594869,-740.205942,2221.676944
887.187053,-8364.327145,-296.082377,229.828649
887.187374,-8068.244768,592.164754,-229.828649
887.187694,-9474.636058,296.082377,1225.752797
887.188015,-9696.697840,-666.185348,1608.800546
887.188336,-9400.615463,-1184.329507,919.314598
887.188657,-8956.491898,-962.267725,76.609550
887.188978,-9696.697840,-296.082377,3064.381992
887.189298,-10955.047942,-1332.370696,3524.039291
887.189619,-9844.739029,-1998.556043,2911.162892
887.189940,-9252.574275,-1628.453072,1378.971896
887.190261,-8586.388927,-888.247130,0.000000
887.190581,-8808.450710,370.102971,1072.533697
887.190902,-9992.780217,74.020594,2451.505594
887.191223,-9474.636058,-518.144159,1762.019645
887.191544,-9252.574275,-1184.329507,0.000000
887.191864,-8956.491898,-296.082377,76.609550
887.192185,-9844.739029,222.061783,2068.457845
887.192506,-10732.986159,-222.061783,2757.943793
887.192827,-9548.656652,-962.267725,1302.362347
887.193148,-8216.285956,-444.123565,1225.752797
887.193468,-8808.450710,148.041188,-766.095498
887.193789,-9992.780217,148.041188,919.314598
887.194110,-10510.924376,-1258.350101,1302.362347
887.194431,-9622.677246,-1554.432478,-383.047749
887.194751,-9474.636058,-962.267725,-1072.533697
887.195072,-9104.533087,370.102971,306.438199
887.195393,-11177.109724,-888.247130,1685.410096
887.195714,-9992.780217,74.020594,1608.800546
887.196034,-9622.677246,-740.205942,-459.657299
887.196355,-9030.512492,-370.102971,-612.876398
887.196676,-9474.636058,222.061783,153.219100
887.196997,-10807.006753,-296.082377,1838.629195
887.197317,-10362.883188,962.267725,1685.410096
887.197638,-9622.677246,-296.082377,842.705048
887.197959,-9474.636058,518.144159,1149.143247
887.198280,-10362.883188,-740.205942,1532.190996
887.198600,-9474.636058,148.041188,1302.362347
887.198921,-9474.636058,-666.185348,1149.143247
887.199242,-8216.285956,592.164754,0.000000
887.199563,-8882.471304,518.144159,0.000000
887.199883,-10214.842000,-518.144159,1455.581446
887.200204,-9400.615463,-962.267725,2145.067394
887.200525,-9918.759623,-1850.514855,459.657299
887.200846,-10362.883188,-740.205942,1225.752797
887.201166,-9844.739029,-666.185348,2145.067394
887.201487,-10214.842000,-814.226536,3064.381992
887.201808,-9104.533087,-1850.514855,1378.971896
887.202129,-7402.059420,-740.205942,-1608.800546
887.202450,-8290.306550,666.185348,-459.657299
887.202770,-8364.327145,1258.350101,1072.533697
887.203091,-9178.553681,0.000000,2145.067394
887.203412,-9770.718434,-1258.350101,1532.190996
887.203733,-9030.512492,-1110.308913,1915.238745
887.204053,-10510.924376,-814.226536,3064.381992
887.204374,-10955.047942,-1332.370696,5209.449386
887.204695,-10362.883188,-370.102971,3217.601092
887.205016,-9474.636058,444.123565,919.314598
887.205336,-8586.388927,1554.432478,0.000000
887.205657,-9400.615463,814.226536,0.000000
887.205978,-9474.636058,-814.226536,536.266849
887.206299,-10066.800811,-1924.535449,0.000000
887.206619,-9622.677246,-1998.556043,-536.266849
887.206940,-9918.759623,0.000000,536.266849
887.207261,-11547.212695,1036.288319,2911.162892
887.207582,-10584.944971,592.164754,2987.772442
887.207902,-10214.842000,-666.185348,1072.533697
887.208223,-9030.512492,-222.061783,0.000000
887.208544,-9178.553681,-444.123565,-536.266849
887.208865,-10288.862594,592.164754,1685.410096
887.209185,-9770.718434,0.000000,2068.457845
887.209506,-8586.388927,-148.041188,306.438199
887.209827,-9326.594869,0.000000,153.219100
887.210148,-9548.656652,592.164754,1991.848295
887.210469,-10658.965565,0.000000,2834.553343
887.210789,-10288.862594,-814.226536,2145.067394
887.211110,-8438.347739,-1036.288319,0.000000
887.211431,-8216.285956,-296.082377,-919.314598
887.211752,-9252.574275,-296.082377,842.705048
887.212072,-9548.656652,-1110.308913,1072.533697
887.212393,-9326.594869,-1628.453072,0.000000
887.212714,-8512.368333,-1924.535449,-1149.143247
887.213035,-10066.800811,0.000000,1149.143247
887.213355,-11251.130318,0.000000,2757.943793
887.213676,-11399.171507,-222.061783,2834.553343
887.213997,-9474.636058,-888.247130,306.438199
887.214318,-8216.285956,-888.247130,-1072.533697
887.214638,-8882.471304,0.000000,0.000000
887.214959,-9104.533087,148.041188,1149.143247
887.215280,-9474.636058,-444.123565,689.485948
887.215601,-8438.347739,296.082377,-612.876398
887.215921,-8734.430116,814.226536,229.828649
887.216242,-10288.862594,814.226536,2681.334243
887.216563,-10881.027347,0.000000,4213.525239
887.216884,-9326.594869,-1702.473667,2604.724693
887.217204,-8956.491898,-888.247130,459.657299
887.217525,-9474.636058,0.000000,842.705048
887.217846,-10436.903782,74.020594,2451.505594
887.218167,-10658.965565,-962.267725,1225.752797
887.218488,-9400.615463,-1406.391290,153.219100
887.218808,-9104.533087,-1480.411884,-842.705048
887.219129,-9622.677246,0.000000,1455.581446
887.219450,-10955.047942,-1184.329507,3140.991542
887.219771,-10510.924376,-1332.370696,2681.334243
887.220091,-9326.594869,-1406.391290,306.438199
887.220412,-8438.347739,-518.144159,-689.485948
887.220733,-9474.636058,666.185348,689.485948
887.221054,-10288.862594,1110.308913,1455.581446
887.221374,-9696.697840,-296.082377,1455.581446
887.221695,-9030.512492,148.041188,76.609550
887.222016,-9178.553681,222.061783,689.485948
887.222337,-10732.986159,888.247130,2911.162892
887.222657,-10584.944971,-148.041188,3217.601092
887.222978,-9030.512492,-1036.288319,842.705048
887.223299,-7698.141797,-1110.308913,-1302.362347
887.223620,-8586.388927,-1036.288319,-766.095498
887.223940,-8734.430116,-962.267725,153.219100
887.224261,-9622.677246,-1110.308913,-459.657299
887.224582,-8586.388927,-592.164754,-1532.190996
887.224903,-8808.450710,814.226536,-689.485948
887.225223,-10510.924376,-148.041188,2374.896044
887.225544,-11843.295072,-1258.350101,2604.724693
887.225865,-9844.739029,-1258.350101,1762.019645
887.226186,-9622.677246,-2516.700203,-153.219100
887.226507,-8438.347739,-740.205942,229.828649
887.226827,-10510.924376,370.102971,1838.629195
887.227148,-9770.718434,-444.123565,2145.067394
887.227469,-9030.512492,-296.082377,459.657299
887.227790,-8734.430116,592.164754,-459.657299
887.228110,-9622.677246,1036.288319,842.705048
887.228431,-10288.862594,592.164754,2374.896044
887.228752,-10362.883188,-74.020594,2604.724693
887.229073,-8660.409521,-740.205942,536.266849
887.229393,-9252.574275,0.000000,-383.047749
887.229714,-9992.780217,444.123565,1991.848295
887.230035,-10807.006753,-444.123565,2298.286494
887.230356,-10362.883188,-962.267725,995.924147
887.230676,-9696.697840,-370.102971,0.000000
887.230997,-9548.656652,296.082377,1455.581446
887.231318,-10658.965565,222.061783,2068.457845
887.231639,-10584.944971,-888.247130,2068.457845
887.231959,-9548.656652,-1628.453072,0.000000
887.232280,-8216.285956,-1480.411884,-919.314598
887.232601,-9178.553681,-370.102971,153.219100
887.232922,-9992.780217,0.000000,2757.943793
887.233242,-10584.944971,-888.247130,2604.724693
887.233563,-9474.636058,-296.082377,2145.067394
887.233884,-9548.656652,0.000000,1455.581446
887.234205,-10658.965565,740.205942,3447.429741
887.234526,-10658.965565,-148.041188,4443.353888
887.234846,-9252.574275,-1924.535449,1991.848295
887.235167,-7179.997637,-1702.473667,1225.752797
887.235488,-7698.141797,-1036.288319,-766.095498
887.235809,-8808.450710,-592.164754,1149.143247
887.236129,-9992.780217,-962.267725,2145.067394
887.236450,-9548.656652,-1480.411884,229.828649
887.236771,-8956.491898,-296.082377,-919.314598
887.237092,-9844.739029,592.164754,1149.143247
887.237412,-11029.068536,518.144159,3217.601092
887.237733,-10510.924376,-740.205942,2834.553343
887.238054,-8660.409521,-1628.453072,229.828649
887.238375,-7846.182985,-1184.329507,-1762.019645
887.238695,-9030.512492,0.000000,306.438199
887.239016,-10288.862594,148.041188,2374.896044
887.239337,-9918.759623,222.061783,2451.505594
887.239658,-9178.553681,0.000000,76.609550
887.239978,-8956.491898,740.205942,306.438199
887.240299,-10807.006753,740.205942,2221.676944
887.240620,-10955.047942,0.000000,2757.943793
887.240941,-9252.574275,-962.267725,306.438199
887.241261,-7772.162391,-370.102971,-1762.019645
887.241582,-8808.450710,592.164754,-995.924147
887.241903,-10584.944971,666.185348,1149.143247
887.242224,-10066.800811,-592.164754,1072.533697
887.242544,-9992.780217,-222.061783,-306.438199
887.242865,-9622.677246,370.102971,-995.924147
887.243186,-10881.027347,666.185348,1225.752797
887.243507,-11769.274478,-592.164754,1455.581446
887.243828,-10584.944971,-1036.288319,1838.629195
887.244148,-9178.553681,-1184.329507,-536.266849
887.244469,-8068.244768,-666.185348,-919.314598
887.244790,-9252.574275,0.000000,995.924147
887.245111,-10066.800811,222.061783,2528.115143
887.245431,-9400.615463,-222.061783,1685.410096
887.245752,-8956.491898,444.123565,842.705048
887.246073,-9622.677246,666.185348,1532.190996
887.246394,-10732.986159,1554.432478,3370.820191
887.246714,-10584.944971,-962.267725,4290.134789
887.247035,-8956.491898,-2072.576638,1762.019645
887.247356,-7772.162391,-1406.391290,-383.047749
887.247677,-8586.388927,0.000000,1072.533697
887.247997,-9252.574275,0.000000,2451.505594
887.248318,-9548.656652,-222.061783,1915.238745
887.248639,-9030.512492,-666.185348,306.438199
887.248960,-8660.409521,0.000000,229.828649
887.249280,-10140.821405,518.144159,2911.162892
887.249601,-10584.944971,-814.226536,3677.258390
887.249922,-9622.677246,-1480.411884,2374.896044
887.250243,-8364.327145,-962.267725,153.219100
887.250563,-8808.450710,0.000000,-229.828649
887.250884,-9474.636058,148.041188,1532.190996
887.251205,-10288.862594,-444.123565,2451.505594
887.251526,-9696.697840,-1332.370696,1302.362347
887.251847,-8956.491898,-592.164754,919.314598
887.252167,-9918.759623,74.020594,1378.971896
887.252488,-10955.047942,148.041188,3217.601092
887.252809,-10510.924376,-1036.288319,2604.724693
887.253130,-8956.491898,-2072.576638,306.438199
887.253450,-8216.285956,-1480.411884,-1685.410096
887.253771,-9252.574275,-814.226536,0.000000
887.254092,-10955.047942,-1406.391290,1072.533697
887.254413,-9696.697840,-1110.308913,459.657299
887.254733,-9252.574275,-1554.432478,-1225.752797
887.255054,-9474.636058,444.123565,-612.876398
887.255375,-11251.130318,962.267725,1685.410096
887.255696,-11103.089130,0.000000,2068.457845
887.256016,-9770.718434,-444.123565,0.000000
887.256337,-9104.533087,-888.247130,-1915.238745
887.256658,-8586.388927,74.020594,-995.924147
887.256979,-10288.862594,296.082377,306.438199
887.257299,-10288.862594,148.041188,1302.362347
887.257620,-9474.636058,0.000000,229.828649
887.257941,-9326.594869,666.185348,229.828649
887.258262,-10436.903782,814.226536,1225.752797
887.258582,-10881.027347,1110.308913,3064.381992
887.258903,-10288.862594,222.061783,1838.629195
887.259224,-7846.182985,-592.164754,-306.438199
887.259545,-8364.327145,0.000000,-153.219100
887.259866,-9326.594869,-222.061783,919.314598
887.260186,-9622.677246,-888.247130,2068.457845
887.260507,-9326.594869,-1480.411884,1072.533697
887.260828,-8882.471304,-1110.308913,-153.219100
887.261149,-9474.636058,0.000000,1072.533697
887.261469,-10066.800811,-592.164754,2451.505594
887.261790,-9474.636058,-1628.453072,2068.457845
887.262111,-8808.450710,-1554.432478,919.314598
887.262432,-8364.327145,-1406.391290,-229.828649
887.262752,-9104.533087,0.000000,766.095498
887.263073,-10288.862594,-370.102971,2451.505594
887.263394,-9918.759623,-814.226536,2528.115143
887.263715,-9696.697840,-888.247130,2374.896044
887.264035,-9770.718434,740.205942,2374.896044
887.264356,-11621.233289,444.123565,4290.134789
887.264677,-10288.862594,-296.082377,4213.525239
887.264998,-9400.615463,-1036.288319,1915.238745
887.265318,-8216.285956,-592.164754,0.000000
887.265639,-7624.121203,0.000000,-612.876398
887.265960,-9548.656652,1258.350101,766.095498
887.266281,-10066.800811,74.020594,1685.410096
887.266601,-9844.739029,-370.102971,229.828649
887.266922,-9992.780217,148.041188,153.219100
887.267243,-9992.780217,888.247130,1915.238745
887.267564,-10955.047942,888.247130,2681.334243
887.267885,-10214.842000,0.000000,2374.896044
887.268205,-8882.471304,-666.185348,76.609550
887.268526,-8586.388927,-370.102971,383.047749
887.268847,-9400.615463,-888.247130,919.314598
887.269168,-9918.759623,-888.247130,2221.676944
887.269488,-10658.965565,-1110.308913,2221.676944
887.269809,-9548.656652,-222.061783,842.705048
887.270130,-9252.574275,370.102971,1685.410096
887.270451,-10732.986159,444.123565,2451.505594
887.270771,-9622.677246,0.000000,2145.067394
887.271092,-8364.327145,-740.205942,-383.047749
887.271413,-7920.203579,-148.041188,-2068.457845
887.271734,-7698.141797,888.247130,-1762.019645
887.272054,-10140.821405,962.267725,383.047749
887.272375,-10140.821405,74.020594,1072.533697
887.272696,-9326.594869,0.000000,689.485948
887.273017,-10436.903782,296.082377,76.609550
887.273337,-10732.986159,296.082377,2145.067394
887.273658,-10658.965565,-740.205942,2757.943793
887.273979,-10288.862594,-2146.597232,1762.019645
887.274300,-8586.388927,-1776.494261,-995.924147
887.274620,-8068.244768,-1184.329507,-1072.533697
887.274941,-9474.636058,-296.082377,229.828649
887.275262,-9474.636058,0.000000,1608.800546
887.275583,-9696.697840,-518.144159,2451.505594
887.275904,-9622.677246,0.000000,1225.752797
887.276224,-10140.821405,222.061783,2757.943793
887.276545,-11399.171507,-444.123565,3830.477490
887.276866,-10214.842000,-1776.494261,3907.087040
887.277187,-8808.450710,-1406.391290,919.314598
887.277507,-7994.224174,-370.102971,-459.657299
887.277828,-8808.450710,888.247130,612.876398
887.278149,-9622.677246,740.205942,1532.190996
887.278470,-9474.636058,0.000000,919.314598
887.278790,-9622.677246,-1110.308913,76.609550
887.279111,-9474.636058,-740.205942,689.485948
887.279432,-10658.965565,-888.247130,2681.334243
887.279753,-11325.150913,-666.185348,2911.162892
887.280073,-10140.821405,-1036.288319,2068.457845
887.280394,-8956.491898,-962.267725,0.000000
887.280715,-8808.450710,74.020594,0.000000
887.281036,-9918.759623,518.144159,995.924147
887.281356,-10288.862594,-518.144159,1455.581446
887.281677,-9474.636058,-740.205942,612.876398
887.281998,-9104.533087,-222.061783,-306.438199
887.282319,-10066.800811,666.185348,1532.190996
887.282639,-10658.965565,0.000000,3064.381992
887.282960,-9178.553681,370.102971,1762.019645
887.283281,-9696.697840,-148.041188,0.000000
887.283602,-8438.347739,-444.123565,-306.438199
887.283923,-8882.471304,-444.123565,1225.752797
887.284243,-10436.903782,-1110.308913,766.095498
887.284564,-9474.636058,-1480.411884,-306.438199
887.284885,-8216.285956,-518.144159,-2145.067394
887.285206,-9696.697840,814.226536,995.924147
887.285526,-9252.574275,-148.041188,1455.581446
887.285847,-11029.068536,-888.247130,2604.724693
887.286168,-9622.677246,-2146.597232,766.095498
887.286489,-8290.306550,-592.164754,-766.095498
887.286809,-10288.862594,0.000000,842.705048
887.287130,-10214.842000,740.205942,2451.505594
887.287451,-9622.677246,74.020594,1608.800546
887.287772,-9548.656652,0.000000,1072.533697
887.288092,-7550.100608,592.164754,459.657299
887.288413,-9770.718434,518.144159,1685.410096
887.288734,-10807.006753,-444.123565,2911.162892
887.289055,-9178.553681,-370.102971,1378.971896
887.289375,-8364.327145,-518.144159,-383.047749
887.289696,-8586.388927,296.082377,229.828649
887.290017,-10066.800811,592.164754,1915.238745
887.290338,-10658.965565,-1258.350101,1608.800546
887.290658,-9548.656652,-1406.391290,0.000000
887.290979,-8660.409521,-592.164754,-1225.752797
887.291300,-9474.636058,74.020594,-306.438199
887.291621,-10140.821405,888.247130,2451.505594
887.291941,-10214.842000,-592.164754,2145.067394
887.292262,-7846.182985,-2738.761985,0.000000
887.292583,-8660.409521,-1850.514855,0.000000
887.292904,-9770.718434,-1628.453072,1455.581446
887.293225,-11399.171507,-962.267725,3983.696590
887.293545,-11177.109724,-370.102971,4443.353888
887.293866,-9474.636058,-370.102971,2604.724693
887.294187,-9326.594869,-74.020594,1685.410096
887.294508,-9918.759623,0.000000,2298.286494
887.294828,-9696.697840,-666.185348,2681.334243
887.295149,-8068.244768,-814.226536,306.438199
887.295470,-7624.121203,0.000000,-766.095498
887.295790,-8734.430116,296.082377,-383.047749
887.296111,-9770.718434,222.061783,1072.533697
887.296432,-10140.821405,0.000000,3524.039291
887.296752,-9992.780217,-1110.308913,229.828649
887.297073,-9696.697840,-296.082377,842.705048
887.297394,-10362.883188,-222.061783,2374.896044
887.297715,-10658.965565,-740.205942,3447.429741
887.298035,-10214.842000,-1628.453072,1685.410096
887.298356,-8068.244768,-1332.370696,-306.438199
887.298677,-8068.244768,-148.041188,-689.485948
887.298997,-9474.636058,148.041188,612.876398
887.299318,-9770.718434,-296.082377,2068.457845
887.299639,-9918.759623,-666.185348,689.485948
887.299959,-9252.574275,-222.061783,76.609550
887.300280,-9918.759623,296.082377,1225.752797
887.300601,-10362.883188,592.164754,4213.525239
887.300922,-10436.903782,-444.123565,2451.505594
887.301242,-8734.430116,-296.082377,0.000000
887.301563,-7994.224174,148.041188,-1685.410096
887.301884,-8808.450710,888.247130,-229.828649
887.302204,-9918.759623,0.000000,1302.362347
887.302525,-10436.903782,-1184.329507,536.266849
887.302846,-9252.574275,-666.185348,-842.705048
887.303166,-9474.636058,222.061783,0.000000
887.303487,-10214.842000,0.000000,1915.238745
887.303808,-11325.150913,-666.185348,3370.820191
887.304129,-9992.780217,-1480.411884,1225.752797
887.304449,-8512.368333,-1184.329507,-1302.362347
887.304770,-8512.368333,148.041188,-612.876398
887.305091,-9844.739029,666.185348,1915.238745
887.305411,-10214.842000,222.061783,2298.286494
887.305732,-9474.636058,-592.164754,1608.800546
887.306053,-9252.574275,74.020594,536.266849
887.306373,-10436.903782,222.061783,2528.115143
887.306694,-11177.109724,518.144159,3677.258390
887.307015,-10288.862594,-592.164754,2757.943793
887.307336,-8290.306550,-1184.329507,153.219100
887.307656,-7402.059420,74.020594,-1378.971896
887.307977,-9474.636058,0.000000,766.095498
887.308298,-9770.718434,-592.164754,1608.800546
887.308618,-9770.718434,-814.226536,1378.971896
887.308939,-8808.450710,-444.123565,612.876398
887.309260,-10066.800811,370.102971,1302.362347
887.309580,-10881.027347,0.000000,3677.258390
887.309901,-10807.006753,-1628.453072,3830.477490
887.310222,-8882.471304,-2294.638420,1378.971896
887.310543,-7994.224174,-1554.432478,-229.828649
887.310863,-8512.368333,0.000000,-153.219100
887.311184,-9696.697840,518.144159,1302.362347
887.311505,-9622.677246,370.102971,1455.581446
887.311825,-9252.574275,0.000000,229.828649
887.312146,-8882.471304,222.061783,0.000000
887.312467,-10436.903782,0.000000,2068.457845
887.312787,-10732.986159,-814.226536,3064.381992
887.313108,-9918.759623,-1924.535449,2757.943793
887.313429,-8290.306550,-1924.535449,-76.609550
887.313750,-8808.450710,-222.061783,-229.828649
887.314070,-9696.697840,666.185348,612.876398
887.314391,-10362.883188,0.000000,842.705048
887.314712,-9696.697840,0.000000,0.000000
887.315032,-8956.491898,0.000000,-1302.362347
887.315353,-10066.800811,296.082377,306.438199
887.315674,-10807.006753,296.082377,2451.505594
887.315994,-10362.883188,-1406.391290,1762.019645
887.316315,-9474.636058,-1036.288319,0.000000
887.316636,-8586.388927,-444.123565,-842.705048
887.316957,-9474.636058,518.144159,153.219100
887.317277,-10510.924376,74.020594,1838.629195
887.317598,-10066.800811,-148.041188,842.705048
887.317919,-9548.656652,0.000000,229.828649
887.318239,-9622.677246,-148.041188,842.705048
887.318560,-10436.903782,0.000000,2298.286494
887.318881,-10658.965565,-888.247130,2528.115143
887.319201,-9178.553681,-1036.288319,766.095498
887.319522,-8216.285956,0.000000,-536.266849
887.319843,-8882.471304,962.267725,536.266849
887.320164,-10436.903782,444.123565,1915.238745
887.320484,-10214.842000,-518.144159,1915.238745
887.320805,-9622.677246,-1702.473667,383.047749
887.321126,-8882.471304,-1184.329507,306.438199
887.321446,-10288.862594,-222.061783,2145.067394
887.321767,-10362.883188,-814.226536,3064.381992
887.322088,-9474.636058,-1184.329507,1991.848295
887.322408,-8068.244768,-1628.453072,-306.438199
887.322729,-8216.285956,-814.226536,-306.438199
887.323050,-8956.491898,-148.041188,995.924147
887.323371,-10288.862594,0.000000,2604.724693
887.323691,-9474.636058,-814.226536,2374.896044
887.324012,-9326.594869,-814.226536,1225.752797
887.324333,-9474.636058,-148.041188,2298.286494
887.324653,-10658.965565,222.061783,3677.258390
887.324974,-10510.924376,-666.185348,3447.429741
887.325295,-9178.553681,-1332.370696,1302.362347
887.325615,-7254.018232,444.123565,0.000000
887.325936,-9030.512492,444.123565,-229.828649
887.326257,-9770.718434,518.144159,1455.581446
887.326578,-9918.759623,-370.102971,1149.143247
887.326898,-9474.636058,-222.061783,0.000000
887.327219,-9548.656652,222.061783,-229.828649
887.327540,-10881.027347,444.123565,2374.896044
887.327860,-11177.109724,-666.185348,3064.381992
887.328181,-10214.842000,-1110.308913,1532.190996
887.328502,-8660.409521,-1036.288319,-995.924147
887.328822,-8808.450710,592.164754,-383.047749
887.329143,-9992.780217,962.267725,1149.143247
887.329464,-10288.862594,518.144159,2221.676944
887.329785,-9252.574275,-814.226536,2681.334243
887.330105,-9474.636058,0.000000,536.266849
887.330426,-10362.883188,0.000000,1149.143247
887.330747,-10955.047942,296.082377,2987.772442
887.331067,-10140.821405,-592.164754,1915.238745
887.331388,-8142.265362,-444.123565,-612.876398
887.331709,-8216.285956,518.144159,-1149.143247
887.332029,-9030.512492,814.226536,-459.657299
887.332350,-9548.656652,0.000000,689.485948
887.332671,-10510.924376,-740.205942,-383.047749
887.332992,-9252.574275,-222.061783,-306.438199
887.333312,-9622.677246,0.000000,306.438199
887.333633,-10732.986159,-370.102971,2987.772442
887.333954,-9548.656652,-2812.782580,3983.696590
887.334274,-8956.491898,-3849.070898,919.314598
887.334595,-7920.203579,-3478.967927,-1225.752797
887.334916,-7698.141797,-740.205942,-995.924147
887.335236,-9474.636058,962.267725,2834.553343
887.335557,-9474.636058,1554.432478,3140.991542
887.335878,-9326.594869,740.205942,2145.067394
887.336199,-9770.718434,296.082377,2374.896044
887.336519,-10214.842000,-370.102971,3524.039291
887.336840,-11103.089130,-1406.391290,4979.620737
887.337161,-10362.883188,-1628.453072,3830.477490
887.337481,-8364.327145,-740.205942,1685.410096
887.337802,-8142.265362,814.226536,229.828649
887.338123,-8216.285956,962.267725,1991.848295
887.338443,-9326.594869,296.082377,842.705048
887.338764,-9400.615463,0.000000,-689.485948
887.339085,-9104.533087,1036.288319,-766.095498
887.339406,-10510.924376,1554.432478,689.485948
887.339726,-11399.171507,1332.370696,3217.601092
887.340047,-11843.295072,-592.164754,3447.429741
887.340368,-9622.677246,-1480.411884,1225.752797
887.340688,-9474.636058,-1702.473667,153.219100
887.341009,-10288.862594,0.000000,1455.581446
887.341330,-10584.944971,518.144159,1838.629195
887.341650,-10658.965565,592.164754,1915.238745
887.341971,-9474.636058,0.000000,383.047749
887.342292,-8808.450710,962.267725,-1302.362347
887.342613,-10584.944971,518.144159,1149.143247
887.342933,-10362.883188,-296.082377,2298.286494
887.343254,-9622.677246,-2072.576638,919.314598
887.343575,-8734.430116,-2220.617826,-1072.533697
887.343895,-8586.388927,-370.102971,-995.924147
887.344216,-10214.842000,-148.041188,689.485948
887.344537,-10955.047942,-740.205942,842.705048
887.344857,-9474.636058,0.000000,153.219100
887.345178,-9178.553681,-222.061783,-842.705048
887.345499,-9178.553681,0.000000,383.047749
887.345820,-10362.883188,-962.267725,2374.896044
887.346140,-9326.594869,-2146.597232,1149.143247
887.346461,-7846.182985,-1184.329507,-612.876398
887.346782,-7772.162391,-518.144159,-689.485948
887.347102,-8586.388927,1110.308913,1072.533697
887.347423,-10214.842000,1110.308913,2757.943793
887.347744,-9400.615463,666.185348,2757.943793
887.348064,-9030.512492,74.020594,1225.752797
887.348385,-10214.842000,296.082377,2221.676944
887.348706,-10807.006753,-518.144159,2911.162892
887.349027,-9992.780217,-1406.391290,2681.334243
887.349347,-8956.491898,-1998.556043,689.485948
887.349668,-7994.224174,-1702.473667,-1302.362347
887.349989,-9104.533087,-518.144159,-995.924147
887.350309,-9844.739029,814.226536,919.314598
887.350630,-11177.109724,-666.185348,1072.533697
887.350951,-9474.636058,-518.144159,76.609550
887.351271,-9770.718434,-1110.308913,-689.485948
887.351592,-10510.924376,-518.144159,1762.019645
887.351913,-10362.883188,-1702.473667,3140.991542
887.352234,-9474.636058,-1702.473667,1685.410096
887.352554,-9104.533087,-1554.432478,76.609550
887.352875,-7994.224174,-370.102971,0.000000
887.353196,-10066.800811,740.205942,1915.238745
887.353516,-10066.800811,666.185348,3294.210641
887.353837,-10140.821405,518.144159,2068.457845
887.354158,-10362.883188,814.226536,2221.676944
887.354478,-10140.821405,592.164754,2528.115143
887.354799,-10288.862594,-444.123565,3753.867940
887.355120,-10436.903782,-1554.432478,2757.943793
887.355441,-8808.450710,-2294.638420,919.314598
887.355761,-8660.409521,-1258.350101,0.000000
887.356082,-9474.636058,74.020594,919.314598
887.356403,-10140.821405,0.000000,1608.800546
887.356723,-10288.862594,-444.123565,1455.581446
887.357044,-9400.615463,-888.247130,229.828649
887.357365,-9400.615463,-444.123565,76.609550
887.357685,-9844.739029,-1036.288319,919.314598
887.358006,-10362.883188,-1406.391290,2757.943793
887.358327,-9326.594869,-2146.597232,919.314598
887.358648,-7772.162391,-1480.411884,-919.314598
887.358968,-8586.388927,666.185348,-1378.971896
887.359289,-9252.574275,444.123565,536.266849
887.359610,-9696.697840,444.123565,1608.800546
887.359930,-9252.574275,0.000000,689.485948
887.360251,-8734.430116,148.041188,306.438199
887.360572,-10288.862594,296.082377,1302.362347
887.360892,-10436.903782,148.041188,2681.334243
887.361213,-9622.677246,-1184.329507,1532.190996
887.361534,-8142.265362,-888.247130,-383.047749
887.361855,-7920.203579,296.082377,-612.876398
887.362175,-9400.615463,962.267725,459.657299
887.362496,-10362.883188,222.061783,1149.143247
887.362817,-9770.718434,0.000000,383.047749
887.363137,-9770.718434,-148.041188,-1072.533697
887.363458,-9622.677246,444.123565,612.876398
887.363779,-11029.068536,148.041188,2298.286494
887.364099,-10732.986159,-740.205942,2374.896044
887.364420,-9474.636058,-1332.370696,383.047749
887.364741,-8438.347739,-370.102971,-536.266849
887.365062,-9252.574275,370.102971,0.000000
887.365382,-10288.862594,444.123565,2221.676944
887.365703,-10584.944971,0.000000,2451.505594
887.366024,-9178.553681,-888.247130,2528.115143
887.366344,-10214.842000,296.082377,1685.410096
887.366665,-10807.006753,1036.288319,3524.039291
887.366986,-11251.130318,0.000000,3677.258390
887.367306,-9474.636058,-888.247130,3600.648841
887.367627,-8068.244768,-1110.308913,-306.438199
887.367948,-7846.182985,-296.082377,-766.095498
887.368269,-9252.574275,370.102971,919.314598
887.368589,-10066.800811,-444.123565,2221.676944
887.368910,-9252.574275,-296.082377,536.266849
887.369231,-9474.636058,0.000000,689.485948
887.369551,-10436.903782,666.185348,2298.286494
887.369872,-10732.986159,-296.082377,4213.525239
887.370193,-10584.944971,-1924.535449,3140.991542
887.370513,-8808.450710,-2368.659014,1455.581446
887.370834,-7920.203579,-1480.411884,0.000000
887.371155,-8734.430116,296.082377,995.924147
887.371476,-9326.594869,592.164754,1378.971896
887.371796,-9178.553681,592.164754,919.314598
887.372117,-8512.368333,148.041188,306.438199
887.372438,-8956.491898,0.000000,536.266849
887.372758,-10436.903782,0.000000,2911.162892
887.373079,-10881.027347,-1776.494261,3370.820191
887.373400,-8882.471304,-1850.514855,1608.800546
887.373720,-8586.388927,-1110.308913,0.000000
887.374041,-8364.327145,-296.082377,0.000000
887.374362,-9622.677246,74.020594,459.657299
887.374683,-9918.759623,-444.123565,76.609550
887.375003,-9030.512492,-444.123565,-1225.752797
887.375324,-8956.491898,-592.164754,-1838.629195
887.375645,-9918.759623,-814.226536,0.000000
887.375965,-10214.842000,-1406.391290,306.438199
887.376286,-9326.594869,-1406.391290,-995.924147
887.376607,-8956.491898,-814.226536,-1685.410096
887.376927,-9104.533087,-370.102971,-995.924147
887.377248,-10140.821405,222.061783,919.314598
887.377569,-11473.192101,-296.082377,2451.505594
887.377890,-10881.027347,-814.226536,2068.457845
887.378210,-10140.821405,0.000000,1532.190996
887.378531,-10807.006753,296.082377,2298.286494
887.378852,-10732.986159,888.247130,3217.601092
887.379172,-9622.677246,-296.082377,1915.238745
887.379493,-7772.162391,-444.123565,-383.047749
887.379814,-7550.100608,-296.082377,-2068.457845
887.380134,-8586.388927,814.226536,-229.828649
887.380455,-10214.842000,370.102971,1302.362347
887.380776,-9474.636058,888.247130,1455.581446
887.381097,-10807.006753,0.000000,612.876398
887.381417,-10214.842000,1036.288319,1225.752797
887.381738,-11325.150913,0.000000,3294.210641
887.382059,-10584.944971,-1110.308913,2987.772442
887.382379,-9696.697840,-2146.597232,1532.190996
887.382700,-8142.265362,-1998.556043,536.266849
887.383021,-8290.306550,-888.247130,-383.047749
887.383341,-9474.636058,0.000000,1302.362347
887.383662,-9104.533087,370.102971,2604.724693
887.383983,-9622.677246,-370.102971,842.705048
887.384304,-9400.615463,296.082377,1455.581446
887.384624,-9844.739029,74.020594,2604.724693
887.384945,-10881.027347,-222.061783,4213.525239
887.385266,-10066.800811,-1184.329507,3600.648841
887.385586,-8882.471304,-1184.329507,1149.143247
887.385907,-8290.306550,0.000000,229.828649
887.386228,-8364.327145,814.226536,689.485948
887.386548,-9770.718434,222.061783,1378.971896
887.386869,-9104.533087,74.020594,459.657299
887.387190,-9326.594869,0.000000,-536.266849
887.387511,-9696.697840,148.041188,995.924147
887.387831,-10436.903782,-888.247130,2145.067394
887.388152,-10436.903782,-2072.576638,2911.162892
887.388473,-9696.697840,-2220.617826,766.095498
887.388793,-8882.471304,-592.164754,-383.047749
887.389114,-9474.636058,888.247130,766.095498
887.389435,-9844.739029,1036.288319,1915.238745
887.389755,-10362.883188,444.123565,1915.238745
887.390076,-9992.780217,-444.123565,1072.533697
887.390397,-9548.656652,0.000000,689.485948
887.390718,-10214.842000,296.082377,1915.238745
887.391038,-9992.780217,444.123565,2911.162892
887.391359,-9622.677246,-1110.308913,1302.362347
887.391680,-8142.265362,-740.205942,-995.924147
887.392000,-8142.265362,222.061783,-1685.410096
887.392321,-9400.615463,666.185348,-383.047749
887.392642,-10066.800811,-296.082377,842.705048
887.392962,-10066.800811,-1480.411884,0.000000
887.393283,-9770.718434,-1258.350101,-1072.533697
887.393604,-10288.862594,-592.164754,612.876398
887.393925,-11251.130318,-666.185348,2145.067394
887.394245,-10807.006753,-1184.329507,2604.724693
887.394566,-9474.636058,-1480.411884,612.876398
887.394887,-8586.388927,0.000000,-919.314598
887.395207,-8734.430116,666.185348,0.000000
887.395528,-9474.636058,962.267725,1991.848295
887.395849,-9918.759623,74.020594,2068.457845
887.396170,-9030.512492,-222.061783,919.314598
887.396490,-9178.553681,296.082377,1149.143247
887.396811,-9992.780217,666.185348,3140.991542
887.397132,-10510.924376,-296.082377,3983.696590
887.397452,-9474.636058,-666.185348,2528.115143
887.397773,-8660.409521,-296.082377,383.047749
887.398094,-8734.430116,370.102971,76.609550
887.398415,-9770.718434,-444.123565,1532.190996
887.398735,-10362.883188,-1110.308913,1455.581446
887.399056,-9770.718434,-1184.329507,306.438199
887.399377,-9696.697840,-1258.350101,-1149.143247
887.399697,-9622.677246,-444.123565,1302.362347
887.400018,-11029.068536,-814.226536,2681.334243
887.400339,-10436.903782,-1332.370696,2145.067394
887.400660,-8808.450710,-1480.411884,0.000000
887.400980,-8808.450710,0.000000,229.828649
887.401301,-9030.512492,592.164754,689.485948
887.401622,-10362.883188,148.041188,1991.848295
887.401942,-9918.759623,-740.205942,1072.533697
887.402263,-8438.347739,-148.041188,-383.047749
887.402584,-9844.739029,888.247130,842.705048
887.402905,-10140.821405,1184.329507,2681.334243
887.403225,-10436.903782,0.000000,2987.772442
887.403546,-9696.697840,222.061783,2911.162892
887.403867,-8808.450710,-1184.329507,306.438199
887.404187,-9252.574275,-444.123565,1378.971896
887.404508,-10510.924376,-1110.308913,2298.286494
887.404829,-10362.883188,-1332.370696,1072.533697
887.405150,-9252.574275,0.000000,0.000000
887.405470,-8956.491898,592.164754,-536.266849
887.405791,-9400.615463,1110.308913,842.705048
887.406112,-10140.821405,-148.041188,1455.581446
887.406432,-9474.636058,-888.247130,-306.438199
887.406753,-8216.285956,-962.267725,-1608.800546
887.407074,-8364.327145,-370.102971,-1302.362347
887.407395,-9696.697840,148.041188,1455.581446
887.407715,-10658.965565,370.102971,3677.258390
887.408036,-10362.883188,-296.082377,1378.971896
887.408357,-9474.636058,0.000000,919.314598
887.408677,-10214.842000,222.061783,1149.143247
887.408998,-10658.965565,0.000000,2298.286494
887.409319,-10214.842000,-888.247130,1915.238745
887.409640,-7772.162391,-962.267725,-612.876398
887.409960,-8586.388927,-592.164754,-1378.971896
887.410281,-9178.553681,-296.082377,306.438199
887.410602,-10881.027347,-962.267725,1378.971896
887.410922,-10362.883188,-1110.308913,1225.752797
887.411243,-9992.780217,-814.226536,689.485948
887.411564,-9770.718434,74.020594,1225.752797
887.411885,-10881.027347,444.123565,3217.601092
887.412205,-10362.883188,-592.164754,2987.772442
887.412526,-9548.656652,-1702.473667,919.314598
887.412847,-8068.244768,-1258.350101,-1225.752797
887.413167,-8660.409521,-444.123565,-229.828649
887.413488,-9770.718434,0.000000,1072.533697
887.413809,-9918.759623,-370.102971,2068.457845
887.414130,-9696.697840,-444.123565,1838.629195
887.414450,-9474.636058,0.000000,1532.190996
887.414771,-11251.130318,0.000000,4443.353888
887.415092,-11325.150913,-740.205942,4979.620737
887.415412,-10066.800811,-1998.556043,3294.210641
887.415733,-9104.533087,-1850.514855,1072.533697
887.416054,-8216.285956,-1110.308913,1532.190996
887.416375,-8808.450710,-592.164754,1225.752797
887.416695,-9770.718434,-444.123565,1608.800546
887.417016,-9400.615463,-518.144159,536.266849
887.417337,-9178.553681,0.000000,-459.657299
887.417657,-9474.636058,518.144159,1072.533697
887.417978,-10807.006753,148.041188,2451.505594
887.418299,-10362.883188,-888.247130,1915.238745
887.418620,-9474.636058,-1480.411884,153.219100
887.418940,-7772.162391,-1554.432478,-612.876398
887.419261,-8956.491898,-814.226536,-306.438199
887.419582,-10362.883188,-370.102971,1608.800546
887.419902,-10066.800811,-888.247130,1149.143247
887.420223,-9104.533087,0.000000,919.314598
887.420544,-9474.636058,814.226536,229.828649
887.420865,-9844.739029,1702.473667,1762.019645
887.421185,-10214.842000,444.123565,2298.286494
887.421506,-8660.409521,-962.267725,229.828649
887.421827,-7994.224174,-1332.370696,-1532.190996
887.422147,-7994.224174,-666.185348,-1149.143247
887.422468,-9622.677246,0.000000,1149.143247
887.422789,-10658.965565,-370.102971,1225.752797
887.423110,-10362.883188,518.144159,0.000000
887.423430,-10066.800811,1480.411884,459.657299
887.423751,-10658.965565,2072.576638,1991.848295
887.424072,-11251.130318,518.144159,3140.991542
887.424392,-10436.903782,-1702.473667,1838.629195
887.424713,-8734.430116,-2368.659014,-1225.752797
887.425034,-8364.327145,-1036.288319,-1302.362347
887.425355,-9326.594869,444.123565,842.705048
887.425675,-10584.944971,592.164754,2221.676944
887.425996,-10510.924376,666.185348,2068.457845
887.426317,-9474.636058,0.000000,1378.971896
887.426637,-9770.718434,0.000000,2068.457845
887.426958,-11399.171507,0.000000,4060.306139
887.427279,-10955.047942,0.000000,4596.572988
887.427600,-8882.471304,-1036.288319,1762.019645
887.427920,-7550.100608,-296.082377,0.000000
887.428241,-7994.224174,814.226536,919.314598
887.428562,-9104.533087,-518.144159,766.095498
887.428882,-9844.739029,-592.164754,1608.800546
887.429203,-9400.615463,-518.144159,383.047749
887.429524,-9474.636058,148.041188,459.657299
887.429845,-10510.924376,444.123565,2987.772442
887.430165,-10807.006753,-518.144159,4136.915689
887.430486,-10214.842000,-2146.597232,2911.162892
887.430807,-8660.409521,-2886.803174,0.000000
887.431127,-7698.141797,-1998.556043,0.000000
887.431448,-8808.450710,-1258.350101,2221.676944
887.431769,-9548.656652,0.000000,2451.505594
887.432090,-9474.636058,-222.061783,1838.629195
887.432410,-8956.491898,222.061783,689.485948
887.432731,-9548.656652,518.144159,2068.457845
887.433052,-11029.068536,-444.123565,3370.820191
887.433372,-10362.883188,-1702.473667,2528.115143
887.433693,-8956.491898,-2072.576638,0.000000
887.434014,-7920.203579,-370.102971,-1302.362347
887.434335,-8882.471304,888.247130,-459.657299
887.434655,-9992.780217,444.123565,842.705048
887.434976,-10066.800811,222.061783,0.000000
887.435297,-10362.883188,0.000000,-1991.848295
887.435617,-8660.409521,1480.411884,-229.828649
887.435938,-11843.295072,0.000000,1378.971896
887.436259,-10807.006753,-148.041188,2374.896044
887.436580,-10362.883188,-1480.411884,-842.705048
887.436900,-8364.327145,148.041188,-383.047749
887.437221,-9104.533087,370.102971,-1685.410096
887.437542,-10955.047942,1480.411884,1378.971896
887.437862,-10288.862594,814.226536,1608.800546
887.438183,-9770.718434,148.041188,0.000000
887.438504,-9548.656652,592.164754,0.000000
887.438825,-10066.800811,666.185348,995.924147
887.439145,-10362.883188,0.000000,2298.286494
887.439466,-10288.862594,-1258.350101,2374.896044
887.439787,-6957.935855,-1776.494261,-536.266849
887.440108,-8068.244768,-962.267725,-612.876398
887.440428,-9474.636058,-370.102971,766.095498
887.440749,-10362.883188,-1110.308913,1685.410096
887.441070,-9696.697840,-1628.453072,995.924147
887.441390,-9252.574275,-592.164754,306.438199
887.441711,-9178.553681,814.226536,1072.533697
887.442032,-10140.821405,148.041188,3294.210641
887.442353,-9770.718434,-1332.370696,2757.943793
887.442673,-8808.450710,-1776.494261,306.438199
887.442994,-7476.080014,-1850.514855,-1225.752797
887.443315,-8216.285956,-222.061783,536.266849
887.443635,-9696.697840,0.000000,2221.676944
887.443956,-10066.800811,0.000000,4136.915689
887.444277,-9918.759623,-518.144159,2681.334243
887.444598,-9474.636058,0.000000,2757.943793
887.444918,-11473.192101,-296.082377,4596.572988
887.445239,-10881.027347,-370.102971,4903.011187
887.445560,-9400.615463,-2368.659014,2374.896044
887.445880,-7698.141797,-1184.329507,0.000000
887.446201,-7994.224174,370.102971,-229.828649
887.446522,-9474.636058,1480.411884,1302.362347
887.446843,-10288.862594,0.000000,1532.190996
887.447163,-9844.739029,-518.144159,383.047749
887.447484,-9548.656652,-296.082377,-229.828649
887.447805,-10584.944971,444.123565,1685.410096
887.448125,-11769.274478,592.164754,3600.648841
887.448446,-10881.027347,-1258.350101,2757.943793
887.448767,-9178.553681,-1258.350101,0.000000
887.449088,-8660.409521,-814.226536,-1225.752797
887.449408,-9474.636058,370.102971,-1072.533697
887.449729,-10436.903782,518.144159,1532.190996
887.450050,-9992.780217,444.123565,842.705048
887.450370,-9474.636058,444.123565,76.609550
887.450691,-9918.759623,370.102971,766.095498
887.451012,-10510.924376,0.000000,2528.115143
887.451333,-10584.944971,-1554.432478,1991.848295
887.451653,-9474.636058,-1776.494261,229.828649
887.451974,-8142.265362,-518.144159,-1072.533697
887.452295,-8882.471304,740.205942,229.828649
887.452615,-9770.718434,666.185348,459.657299
887.452936,-10066.800811,-444.123565,229.828649
887.453257,-8956.491898,-592.164754,-919.314598
887.453578,-9400.615463,-296.082377,383.047749
887.453898,-10066.800811,0.000000,1685.410096
887.454219,-10362.883188,-962.267725,2834.553343
887.454540,-9548.656652,-1776.494261,1455.581446
887.454860,-8216.285956,-1776.494261,-766.095498
887.455181,-8068.244768,-370.102971,-306.438199
887.455502,-9252.574275,148.041188,1455.581446
887.455823,-9918.759623,0.000000,2451.505594
887.456143,-9474.636058,-592.164754,1608.800546
887.456464,-8734.430116,-370.102971,2068.457845
887.456785,-9844.739029,370.102971,2068.457845
887.457105,-10732.986159,370.102971,3447.429741
887.457426,-9918.759623,-518.144159,3217.601092
887.457747,-8586.388927,-1628.453072,2374.896044
887.458068,-8068.244768,-592.164754,-766.095498
887.458388,-9252.574275,296.082377,383.047749
887.458709,-9992.780217,222.061783,1762.019645
887.459030,-10140.821405,-222.061783,1302.362347
887.459350,-9252.574275,148.041188,459.657299
887.459671,-9844.739029,0.000000,1455.581446
887.459992,-10658.965565,-740.205942,3217.601092
887.460313,-11029.068536,-2220.617826,3907.087040
887.460633,-9918.759623,-2960.823768,2451.505594
887.460954,-8808.450710,-2516.700203,536.266849
887.461275,-8882.471304,-370.102971,612.876398
887.461595,-10066.800811,592.164754,2374.896044
887.461916,-10214.842000,222.061783,1608.800546
887.462237,-9770.718434,740.205942,1532.190996
887.462558,-9030.512492,296.082377,76.609550
887.462878,-10436.903782,666.185348,1608.800546
887.463199,-11103.089130,0.000000,3217.601092
887.463520,-9918.759623,-814.226536,1685.410096
887.463840,-8586.388927,0.000000,0.000000
887.464161,-8882.471304,740.205942,-842.705048
887.464482,-9622.677246,1184.329507,842.705048
887.464803,-9918.759623,0.000000,1072.533697
887.465123,-9622.677246,0.000000,0.000000
887.465444,-9474.636058,0.000000,-1225.752797
887.465765,-10066.800811,1332.370696,459.657299
887.466085,-10658.965565,518.144159,2298.286494
887.466406,-9770.718434,444.123565,1915.238745
887.466727,-9474.636058,-1702.473667,153.219100
887.467048,-7698.141797,-1406.391290,-1225.752797
887.467368,-8956.491898,-592.164754,-689.485948
887.467689,-10214.842000,74.020594,1225.752797
887.468010,-9918.759623,444.123565,842.705048
887.468330,-9252.574275,0.000000,-76.609550
887.468651,-9548.656652,296.082377,153.219100
887.468972,-9770.718434,-148.041188,1685.410096
887.469293,-10732.986159,-1332.370696,2298.286494
887.469613,-8734.430116,-1998.556043,383.047749
887.469934,-7994.224174,-814.226536,-919.314598
887.470255,-8438.347739,222.061783,306.438199
887.470575,-9474.636058,1184.329507,1378.971896
887.470896,-10362.883188,-370.102971,2298.286494
887.471217,-10214.842000,-1184.329507,1072.533697
887.471538,-9622.677246,-666.185348,1455.581446
887.471858,-10510.924376,0.000000,3294.210641
887.472179,-11103.089130,-1332.370696,4136.915689
887.472500,-9844.739029,-1998.556043,2987.772442
887.472820,-8586.388927,-2664.741391,0.000000
887.473141,-7105.977043,-1036.288319,-1991.848295
887.473462,-8734.430116,962.267725,536.266849
887.473783,-9622.677246,888.247130,2374.896044
887.474103,-9474.636058,0.000000,1838.629195
887.474424,-9474.636058,-222.061783,1072.533697
887.474745,-10362.883188,-518.144159,1838.629195
887.475065,-11325.150913,-222.061783,3370.820191
887.475386,-10955.047942,-888.247130,4213.525239
887.475707,-10066.800811,-1332.370696,2298.286494
887.476028,-8438.347739,-592.164754,383.047749
887.476348,-9178.553681,-222.061783,383.047749
887.476669,-9992.780217,-814.226536,1455.581446
887.476990,-9770.718434,-2294.638420,0.000000
887.477310,-8882.471304,-1850.514855,-1225.752797
887.477631,-9400.615463,-296.082377,-766.095498
887.477952,-10214.842000,592.164754,1532.190996
887.478273,-11251.130318,-222.061783,3217.601092
887.478593,-10436.903782,-1702.473667,1991.848295
887.478914,-9474.636058,-1924.535449,-612.876398
887.479235,-9252.574275,-1110.308913,-842.705048
887.479555,-9918.759623,592.164754,1455.581446
887.479876,-9992.780217,518.144159,2145.067394
887.480197,-9326.594869,518.144159,995.924147
887.480518,-8512.368333,666.185348,-766.095498
887.480838,-9030.512492,1110.308913,76.609550
887.481159,-10214.842000,740.205942,2298.286494
887.481480,-9844.739029,-814.226536,2298.286494
887.481800,-8956.491898,-1554.432478,-383.047749
887.482121,-8142.265362,-962.267725,-1225.752797
887.482442,-9252.574275,0.000000,0.000000
887.482763,-10140.821405,-444.123565,1072.533697
887.483083,-9770.718434,-1110.308913,919.314598
887.483404,-9252.574275,-1036.288319,-612.876398
887.483725,-9474.636058,0.000000,76.609550
887.484045,-10510.924376,0.000000,2145.067394
887.484366,-10584.944971,-1036.288319,3140.991542
887.484687,-9918.759623,-1628.453072,1685.410096
887.485008,-8882.471304,-1554.432478,-229.828649
887.485328,-8660.409521,370.102971,0.000000
887.485649,-10140.821405,1406.391290,1991.848295
887.485970,-10658.965565,1406.391290,2757.943793
887.486290,-9474.636058,1406.391290,1532.190996
887.486611,-9696.697840,666.185348,383.047749
887.486932,-9400.615463,1850.514855,1378.971896
887.487253,-10510.924376,888.247130,2757.943793
887.487573,-9474.636058,-1480.411884,1991.848295
887.487894,-8512.368333,-1110.308913,153.219100
887.488215,-8438.347739,-370.102971,-306.438199
887.488535,-9474.636058,296.082377,1532.190996
887.488856,-10732.986159,0.000000,2528.115143
887.489177,-10584.944971,-148.041188,1838.629195
887.489498,-9918.759623,-370.102971,766.095498
887.489818,-9844.739029,148.041188,2145.067394
887.490139,-10436.903782,-1036.288319,3217.601092
887.490460,-10436.903782,-1924.535449,3447.429741
887.490780,-9252.574275,-2368.659014,995.924147
887.491101,-7920.203579,-1258.350101,-459.657299
887.491422,-8142.265362,444.123565,76.609550
887.491743,-9622.677246,1184.329507,1378.971896
887.492063,-10214.842000,888.247130,2374.896044
887.492384,-9474.636058,222.061783,1225.752797
887.492705,-9104.533087,592.164754,689.485948
887.493025,-10362.883188,518.144159,2374.896044
887.493346,-9918.759623,0.000000,2374.896044
887.493667,-9252.574275,-1110.308913,842.705048
887.493988,-8142.265362,-740.205942,-995.924147
887.494308,-8660.409521,222.061783,-1149.143247
887.494629,-9474.636058,74.020594,0.000000
887.494950,-9918.759623,-888.247130,153.219100
887.495270,-9622.677246,-666.185348,-612.876398
887.495591,-9770.718434,1850.514855,-1225.752797
887.495912,-10362.883188,1036.288319,536.266849
887.496233,-10658.965565,-222.061783,2757.943793
887.496553,-10288.862594,-1332.370696,2068.457845
887.496874,-9178.553681,-1998.556043,0.000000
887.497195,-8364.327145,-370.102971,-1225.752797
887.497516,-9326.594869,518.144159,229.828649
887.497836,-9696.697840,1554.432478,1915.238745
887.498157,-9844.739029,888.247130,1378.971896
887.498478,-9474.636058,518.144159,612.876398
887.498799,-9770.718434,296.082377,1072.533697
887.499119,-10510.924376,-370.102971,2298.286494
887.499440,-10436.903782,-1332.370696,2374.896044
887.499761,-9696.697840,-2146.597232,1302.362347
887.500082,-8808.450710,-1110.308913,76.609550
887.500402,-10066.800811,-444.123565,459.657299
887.500723,-10140.821405,-370.102971,1991.848295
887.501044,-10288.862594,-1554.432478,1991.848295
887.501365,-9696.697840,-1628.453072,766.095498
887.501685,-9548.656652,-1258.350101,0.000000
887.502006,-10214.842000,-444.123565,1991.848295
887.502327,-9918.759623,-1036.288319,2834.553343
887.502648,-9548.656652,-1110.308913,1762.019645
887.502968,-8512.368333,-1998.556043,76.609550
887.503289,-8216.285956,-518.144159,0.000000
887.503610,-9400.615463,370.102971,1455.581446
887.503931,-9844.739029,814.226536,4060.306139
887.504251,-9548.656652,666.185348,2374.896044
887.504572,-9622.677246,888.247130,1455.581446
887.504893,-9918.759623,1258.350101,1838.629195
887.505214,-10140.821405,296.082377,2834.553343
887.505534,-10584.944971,-1184.329507,2451.505594
887.505855,-8808.450710,-1332.370696,383.047749
887.506176,-8808.450710,-962.267725,-612.876398
887.506497,-8660.409521,222.061783,536.266849
887.506817,-10066.800811,-1036.288319,2298.286494
887.507138,-10066.800811,-1184.329507,306.438199
887.507459,-9622.677246,-592.164754,-689.485948
887.507780,-9770.718434,222.061783,229.828649
887.508100,-10510.924376,0.000000,2528.115143
887.508421,-10214.842000,-1184.329507,2374.896044
887.508742,-9770.718434,-2368.659014,995.924147
887.509063,-8438.347739,-1776.494261,-1608.800546
887.509383,-8808.450710,0.000000,-612.876398
887.509704,-9622.677246,1110.308913,1991.848295
887.510025,-10362.883188,370.102971,1991.848295
887.510346,-9474.636058,222.061783,689.485948
887.510666,-9326.594869,148.041188,0.000000
887.510987,-10066.800811,1554.432478,1302.362347
887.511308,-10807.006753,-222.061783,2987.772442
887.511629,-9918.759623,-1332.370696,2145.067394
887.511949,-8438.347739,-1036.288319,-306.438199
887.512270,-8438.347739,296.082377,-1532.190996
887.512591,-9474.636058,814.226536,766.095498
887.512912,-10066.800811,-296.082377,842.705048
887.513232,-9918.759623,-444.123565,76.609550
887.513553,-8956.491898,0.000000,-995.924147
887.513874,-9474.636058,1036.288319,229.828649
887.514195,-10955.047942,74.020594,3447.429741
887.514515,-10362.883188,-1480.411884,2911.162892
887.514836,-9104.533087,-2294.638420,995.924147
887.515157,-8512.368333,-148.041188,-459.657299
887.515478,-8882.471304,-1110.308913,536.266849
887.515798,-9696.697840,-370.102971,2145.067394
887.516119,-9548.656652,-666.185348,1991.848295
887.516440,-9030.512492,-148.041188,1149.143247
887.516761,-9474.636058,444.123565,1149.143247
887.517081,-10288.862594,592.164754,3140.991542
887.517402,-10955.047942,-1036.288319,3294.210641
887.517723,-8364.327145,370.102971,1991.848295
887.518044,-9400.615463,-888.247130,536.266849
887.518364,-8438.347739,1110.308913,1302.362347
887.518685,-9400.615463,148.041188,2145.067394
887.519006,-10955.047942,-962.267725,1991.848295
887.519327,-8216.285956,-592.164754,229.828649
887.519647,-9326.594869,518.144159,-383.047749
887.519968,-11399.171507,2220.617826,2604.724693
887.520289,-9844.739029,1036.288319,2681.334243
887.520610,-11547.212695,-592.164754,2298.286494
887.520930,-8216.285956,-1628.453072,153.219100
887.521251,-9030.512492,-1110.308913,-1149.143247
887.521572,-10140.821405,592.164754,2068.457845
887.521893,-10362.883188,148.041188,2451.505594
887.522213,-9326.594869,962.267725,1455.581446
887.522534,-10288.862594,518.144159,1072.533697
887.522855,-9622.677246,740.205942,766.095498
887.523176,-10732.986159,444.123565,2451.505594
887.523496,-10584.944971,-2146.597232,2911.162892
887.523817,-8438.347739,-2294.638420,383.047749
887.524138,-8512.368333,-1332.370696,-842.705048
887.524459,-9252.574275,222.061783,-536.266849
887.524779,-9252.574275,1184.329507,842.705048
887.525100,-10066.800811,-296.082377,766.095498
887.525421,-9178.553681,-592.164754,-689.485948
887.525741,-9400.615463,-296.082377,-1225.752797
887.526062,-10214.842000,-518.144159,919.314598
887.526383,-10658.965565,-1702.473667,2757.943793
887.526704,-9474.636058,-2146.597232,766.095498
887.527024,-9104.533087,-2368.659014,-842.705048
887.527345,-8364.327145,-148.041188,-919.314598
887.527666,-8364.327145,1480.411884,919.314598
887.527987,-10066.800811,666.185348,1685.410096
887.528307,-9252.574275,370.102971,1302.362347
887.528628,-9252.574275,-296.082377,229.828649
887.528949,-9474.636058,444.123565,1149.143247
887.529270,-9992.780217,74.020594,2757.943793
887.529590,-9918.759623,-1036.288319,2451.505594
887.529911,-8734.430116,-1480.411884,995.924147
887.530232,-8660.409521,-148.041188,-229.828649
887.530553,-9252.574275,222.061783,536.266849
887.530873,-10214.842000,0.000000,2068.457845
887.531194,-10362.883188,-962.267725,919.314598
887.531515,-9326.594869,-740.205942,0.000000
887.531836,-10362.883188,-296.082377,919.314598
887.532156,-10066.800811,-370.102971,2604.724693
887.532477,-10881.027347,-2294.638420,2911.162892
887.532798,-9622.677246,-2220.617826,1608.800546
887.533119,-8364.327145,-1998.556043,-383.047749
887.533439,-9252.574275,0.000000,0.000000
887.533760,-9844.739029,1628.453072,2451.505594
887.534081,-10658.965565,370.102971,2911.162892
887.534402,-9326.594869,-296.082377,1838.629195
887.534722,-10288.862594,148.041188,1378.971896
887.535043,-9918.759623,0.000000,1991.848295
887.535364,-10362.883188,-222.061783,3140.991542
887.535685,-10214.842000,-962.267725,2528.115143
887.536005,-7994.224174,-740.205942,229.828649
887.536326,-9030.512492,-370.102971,-689.485948
887.536647,-9178.553681,370.102971,766.095498
887.536968,-10066.800811,-222.061783,1302.362347
887.537288,-10066.800811,-444.123565,612.876398
887.537609,-9918.759623,148.041188,153.219100
887.537930,-9992.780217,148.041188,766.095498
887.538251,-10658.965565,-666.185348,2757.943793
887.538571,-10214.842000,-2664.741391,2757.943793
887.538892,-9030.512492,-3330.926739,1302.362347
887.539213,-8734.430116,-2664.741391,-229.828649
887.539534,-8660.409521,-740.205942,229.828649
887.539854,-9178.553681,-444.123565,1225.752797
887.540175,-9326.594869,-296.082377,1915.238745
887.540496,-8512.368333,-296.082377,-306.438199
887.540817,-8660.409521,814.226536,-383.047749
887.541137,-9770.718434,1036.288319,1685.410096
887.541458,-9696.697840,666.185348,2451.505594
887.541779,-8882.471304,-740.205942,229.828649
887.542100,-7476.080014,-740.205942,-2145.067394
887.542420,-7846.182985,1110.308913,-1915.238745
887.542741,-9844.739029,1628.453072,383.047749
887.543062,-9844.739029,592.164754,766.095498
887.543383,-10436.903782,-74.020594,536.266849
887.543703,-10807.006753,-740.205942,0.000000
887.544024,-10955.047942,-444.123565,1762.019645
887.544345,-11695.253884,-296.082377,2987.772442
887.544666,-11325.150913,-1924.535449,2911.162892
887.544986,-9400.615463,-1332.370696,842.705048
887.545307,-8586.388927,0.000000,-536.266849
887.545628,-8956.491898,814.226536,919.314598
887.545949,-9844.739029,1036.288319,2451.505594
887.546269,-9770.718434,370.102971,2068.457845
887.546590,-9326.594869,740.205942,995.924147
887.546911,-9696.697840,1258.350101,1608.800546
887.547232,-10955.047942,1776.494261,3907.087040
887.547552,-11251.130318,148.041188,4136.915689
887.547873,-9178.553681,-962.267725,2298.286494
887.548194,-8512.368333,-518.144159,0.000000
887.548515,-9474.636058,0.000000,306.438199
887.548835,-9844.739029,0.000000,1762.019645
887.549156,-10362.883188,-592.164754,1838.629195
887.549477,-9104.533087,-148.041188,229.828649
887.549798,-9548.656652,-296.082377,76.609550
887.550118,-9918.759623,-148.041188,2145.067394
887.550439,-10955.047942,-1554.432478,3447.429741
887.550760,-9918.759623,-2886.803174,2298.286494
887.551081,-8882.471304,-3034.844362,229.828649
887.551401,-7179.997637,-1998.556043,0.000000
887.551722,-9474.636058,148.041188,766.095498
887.552043,-9770.718434,1036.288319,2068.457845
887.552364,-9474.636058,296.082377,1838.629195
887.552684,-9252.574275,0.000000,536.266849
887.553005,-9622.677246,0.000000,1149.143247
887.553326,-10658.965565,-148.041188,3217.601092
887.553647,-10510.924376,-1110.308913,2757.943793
887.553967,-8734.430116,-888.247130,766.095498
887.554288,-7846.182985,-444.123565,-1378.971896
887.554609,-8068.244768,148.041188,-919.314598
887.554930,-9326.594869,-592.164754,0.000000
887.555250,-9400.615463,-814.226536,-536.266849
887.555571,-8956.491898,-666.185348,-2298.286494
887.555892,-9696.697840,444.123565,-383.047749
887.556213,-10658.965565,518.144159,1915.238745
887.556533,-11325.150913,-740.205942,2374.896044
887.556854,-9548.656652,-962.267725,1072.533697
887.557175,-9622.677246,-1776.494261,-612.876398
887.557496,-9030.512492,-592.164754,-306.438199
887.557816,-9770.718434,148.041188,536.266849
887.558137,-10140.821405,444.123565,1532.190996
887.558458,-9326.594869,0.000000,0.000000
887.558779,-8956.491898,222.061783,-153.219100
887.559099,-9918.759623,370.102971,1302.362347
887.559420,-10658.965565,222.061783,3140.991542
887.559741,-9548.656652,-1184.329507,2757.943793
887.560062,-8882.471304,-1258.350101,612.876398
887.560382,-9104.533087,0.000000,0.000000
887.560703,-9622.677246,518.144159,919.314598
887.561024,-10214.842000,-222.061783,842.705048
887.561344,-9548.656652,-370.102971,995.924147
887.561665,-9474.636058,-444.123565,-383.047749
887.561986,-9548.656652,296.082377,306.438199
887.562307,-10288.862594,0.000000,2451.505594
887.562627,-10066.800811,-1258.350101,2528.115143
887.562948,-9548.656652,-2146.597232,1149.143247
887.563269,-8142.265362,-1702.473667,383.047749
887.563590,-8956.491898,-666.185348,919.314598
887.563910,-10288.862594,148.041188,2374.896044
887.564231,-9770.718434,-666.185348,2987.772442
887.564552,-9178.553681,-962.267725,1685.410096
887.564873,-8586.388927,-666.185348,459.657299
887.565193,-9770.718434,-74.020594,3370.820191
887.565514,-10362.883188,-444.123565,3830.477490
887.565835,-9622.677246,-1110.308913,2221.676944
887.566156,-8808.450710,-962.267725,0.000000
887.566476,-8364.327145,0.000000,-306.438199
887.566797,-9548.656652,518.144159,1149.143247
887.567118,-10436.903782,0.000000,1838.629195
887.567439,-9844.739029,-370.102971,1149.143247
887.567759,-9252.574275,0.000000,-229.828649
887.568080,-10066.800811,444.123565,1838.629195
887.568401,-10288.862594,0.000000,2834.553343
887.568722,-10436.903782,-1036.288319,2221.676944
887.569042,-8734.430116,-1184.329507,-459.657299
887.569363,-8512.368333,-222.061783,-2221.676944
887.569684,-9770.718434,444.123565,0.000000
887.570005,-10066.800811,518.144159,1608.800546
887.570325,-10658.965565,-444.123565,1072.533697
887.570646,-9622.677246,296.082377,153.219100
887.570967,-10436.903782,740.205942,306.438199
887.571288,-10214.842000,1628.453072,2298.286494
887.571608,-11399.171507,-370.102971,2604.724693
887.571929,-8956.491898,-814.226536,842.705048
887.572250,-8512.368333,-1036.288319,-612.876398
887.572571,-8438.347739,-296.082377,-536.266849
887.572891,-9918.759623,296.082377,995.924147
887.573212,-10140.821405,-148.041188,1149.143247
887.573533,-9474.636058,-222.061783,766.095498
887.573854,-9178.553681,444.123565,-383.047749
887.574174,-10658.965565,0.000000,1608.800546
887.574495,-9918.759623,-888.247130,2757.943793
887.574816,-10140.821405,-2516.700203,2068.457845
887.575137,-8586.388927,-2960.823768,-459.657299
887.575457,-8142.265362,-1036.288319,0.000000
887.575778,-9622.677246,0.000000,1378.971896
887.576099,-9696.697840,518.144159,2681.334243
887.576420,-9474.636058,-148.041188,1838.629195
887.576740,-8660.409521,222.061783,842.705048
887.577061,-9474.636058,370.102971,1455.581446
887.577382,-10288.862594,296.082377,3447.429741
887.577703,-9104.533087,-1110.308913,4290.134789
887.578023,-9030.512492,-1480.411884,1532.190996
887.578344,-7994.224174,-518.144159,0.000000
887.578665,-8660.409521,814.226536,766.095498
887.578986,-9992.780217,1110.308913,2528.115143
887.579306,-9770.718434,0.000000,1915.238745
887.579627,-9548.656652,-370.102971,383.047749
887.579948,-9474.636058,296.082377,536.266849
887.580269,-10214.842000,740.205942,2681.334243
887.580589,-10955.047942,-962.267725,3830.477490
887.580910,-9844.739029,-2146.597232,2068.457845
887.581231,-8438.347739,-2072.576638,-919.314598
887.581552,-8586.388927,-592.164754,-1302.362347
887.581872,-9326.594869,148.041188,612.876398
887.582193,-10584.944971,0.000000,2374.896044
887.582514,-10658.965565,-666.185348,1378.971896
887.582835,-9474.636058,-592.164754,612.876398
887.583155,-10955.047942,-370.102971,1608.800546
887.583476,-11103.089130,-666.185348,2987.772442
887.583797,-10510.924376,-1406.391290,2221.676944
887.584118,-8512.368333,-1184.329507,0.000000
887.584438,-7698.141797,0.000000,-2298.286494
887.584759,-8512.368333,740.205942,-919.314598
887.585080,-9622.677246,0.000000,536.266849
887.585401,-10066.800811,-740.205942,0.000000
887.585721,-9252.574275,-148.041188,-919.314598
887.586042,-9770.718434,962.267725,-919.314598
887.586363,-10658.965565,518.144159,1915.238745
887.586684,-10881.027347,-1332.370696,1991.848295
887.587004,-9326.594869,-1924.535449,306.438199
887.587325,-8290.306550,-1480.411884,-2145.067394
887.587646,-8586.388927,-148.041188,-459.657299
887.587967,-9696.697840,444.123565,1532.190996
887.588287,-10288.862594,444.123565,1838.629195
887.588608,-9178.553681,0.000000,612.876398
887.588929,-9252.574275,444.123565,76.609550
887.589250,-9918.759623,0.000000,1685.410096
887.589570,-10658.965565,-592.164754,2834.553343
887.589891,-9548.656652,-2072.576638,2145.067394
887.590212,-7105.977043,-1850.514855,-919.314598
887.590533,-7920.203579,444.123565,-536.266849
887.590853,-9548.656652,444.123565,995.924147
887.591174,-10140.821405,-222.061783,1915.238745
887.591495,-10140.821405,-1554.432478,1991.848295
887.591816,-9252.574275,-1110.308913,0.000000
887.592136,-10584.944971,-740.205942,1302.362347
887.592457,-11251.130318,-666.185348,3447.429741
887.592778,-11029.068536,-1480.411884,3294.210641
887.593099,-9400.615463,-1628.453072,1685.410096
887.593419,-8512.368333,-1332.370696,153.219100
887.593740,-8956.491898,-148.041188,1455.581446
887.594061,-10140.821405,0.000000,2298.286494
887.594382,-10140.821405,-74.020594,2757.943793
887.594702,-9252.574275,-148.041188,1608.800546
887.595023,-9252.574275,888.247130,1838.629195
887.595344,-10807.006753,74.020594,3064.381992
887.595665,-10510.924376,148.041188,3447.429741
887.595985,-9474.636058,-1554.432478,1991.848295
887.596306,-7476.080014,-888.247130,0.000000
887.596627,-9326.594869,0.000000,229.828649
887.596948,-9622.677246,222.061783,1455.581446
887.597268,-10140.821405,-814.226536,1225.752797
887.597589,-9696.697840,-814.226536,0.000000
887.597910,-9474.636058,0.000000,0.000000
887.598231,-10214.842000,592.164754,1532.190996
887.598551,-10807.006753,74.020594,2987.772442
887.598872,-10066.800811,-1332.370696,2068.457845
887.599193,-9030.512492,-1406.391290,0.000000
887.599514,-8142.265362,-1036.288319,-1149.143247
887.599834,-9178.553681,740.205942,459.657299
887.600155,-9844.739029,962.267725,1762.019645
887.600476,-9770.718434,0.000000,1149.143247
887.600797,-8956.491898,0.000000,0.000000
887.601117,-9326.594869,222.061783,-306.438199
887.601438,-9770.718434,148.041188,1762.019645
887.601759,-10214.842000,-888.247130,1455.581446
887.602080,-9030.512492,-1480.411884,76.609550
887.602401,-8068.244768,-814.226536,-1302.362347
887.602721,-9400.615463,1184.329507,-536.266849
887.603042,-10362.883188,370.102971,1532.190996
887.603363,-10584.944971,-74.020594,1455.581446
887.603684,-9918.759623,-148.041188,153.219100
887.604004,-9696.697840,-222.061783,-306.438199
887.604325,-10584.944971,888.247130,2221.676944
887.604646,-10955.047942,-814.226536,2911.162892
887.604967,-9474.636058,-1036.288319,2374.896044
887.605287,-9400.615463,-1776.494261,-306.438199
887.605608,-8068.244768,0.000000,0.000000
887.605929,-9548.656652,592.164754,1149.143247
887.606250,-10658.965565,1110.308913,3294.210641
887.606570,-9696.697840,-296.082377,1608.800546
887.606891,-9844.739029,0.000000,1762.019645
887.607212,-9696.697840,-518.144159,1838.629195
887.607533,-10140.821405,-1036.288319,2987.772442
887.607853,-10362.883188,-2146.597232,2757.943793
887.608174,-7920.203579,-1554.432478,-153.219100
887.608495,-7698.141797,0.000000,-1915.238745
887.608816,-8956.491898,740.205942,-612.876398
887.609137,-9326.594869,814.226536,766.095498
887.609457,-10066.800811,148.041188,1685.410096
887.609778,-9918.759623,-666.185348,1378.971896
887.610099,-9918.759623,-444.123565,2145.067394
887.610420,-11769.274478,-1036.288319,4136.915689
887.610740,-11177.109724,-2146.597232,4443.353888
887.611061,-9104.533087,-3923.091493,2221.676944
887.611382,-7624.121203,-2220.617826,-1225.752797
887.611703,-7402.059420,-222.061783,-2298.286494
887.612023,-8586.388927,666.185348,-995.924147
887.612344,-8808.450710,0.000000,-1608.800546
887.612665,-8882.471304,-1258.350101,-1225.752797
887.612986,-8956.491898,-1480.411884,-2068.457845
887.613306,-10066.800811,-1480.411884,-383.047749
887.613627,-11177.109724,-2146.597232,1915.238745
887.613948,-10658.965565,-3256.906145,1455.581446
887.614269,-9770.718434,-3330.926739,-536.266849
887.614589,-8808.450710,-2220.617826,-1685.410096
887.614910,-9178.553681,-592.164754,-1302.362347
887.615231,-9178.553681,0.000000,76.609550
887.615552,-9844.739029,-1628.453072,-229.828649
887.615872,-8734.430116,-2738.761985,-1915.238745
887.616193,-9104.533087,-2738.761985,-2298.286494
887.616514,-9918.759623,-1850.514855,1149.143247
887.616835,-10584.944971,-1924.535449,1991.848295
887.617156,-10584.944971,-2146.597232,1838.629195
887.617476,-9770.718434,-1702.473667,-459.657299
887.617797,-9474.636058,-370.102971,-2068.457845
887.618118,-10214.842000,-296.082377,-995.924147
887.618439,-10214.842000,0.000000,-306.438199
887.618759,-10066.800811,-1036.288319,-1072.533697
887.619080,-9474.636058,-888.247130,-2451.505594
887.619401,-9696.697840,-1332.370696,-2374.896044
887.619722,-10288.862594,-1184.329507,-153.219100
887.620042,-10510.924376,-1184.329507,1225.752797
887.620363,-9992.780217,-1258.350101,1072.533697
887.620684,-9844.739029,-2368.659014,-153.219100
887.621005,-9178.553681,-3034.844362,-1455.581446
887.621325,-9252.574275,-3552.988522,-2451.505594
887.621646,-9252.574275,-3552.988522,-2145.067394
887.621967,-9030.512492,-3182.885551,-2374.896044
887.622288,-8586.388927,-2590.720797,-2834.553343
887.622608,-9400.615463,-2960.823768,-2374.896044
887.622929,-9770.718434,-3034.844362,-1762.019645
887.623250,-9992.780217,-2886.803174,-689.485948
887.623571,-9548.656652,-1924.535449,1378.971896
887.623892,-10066.800811,-2146.597232,383.047749
887.624212,-10066.800811,-2368.659014,766.095498
887.624533,-9770.718434,-3108.864956,1072.533697
887.624854,-9696.697840,-3849.070898,76.609550
887.625175,-8734.430116,-3552.988522,-1532.190996
887.625495,-7920.203579,-2960.823768,-3140.991542
887.625816,-7402.059420,-2072.576638,-3370.820191
887.626137,-8142.265362,-1998.556043,-3370.820191
887.626458,-8586.388927,-1998.556043,-1685.410096
887.626778,-9696.697840,-2072.576638,-1608.800546
887.627099,-10362.883188,-2368.659014,-766.095498
887.627420,-11325.150913,-2664.741391,-229.828649
887.627741,-10510.924376,-1998.556043,919.314598
887.628061,-11177.109724,-1480.411884,1072.533697
887.628382,-9918.759623,-1110.308913,689.485948
887.628703,-9400.615463,-1924.535449,76.609550
887.629024,-8956.491898,-2368.659014,-459.657299
887.629344,-8956.491898,-2664.741391,-842.705048
887.629665,-9178.553681,-2072.576638,-842.705048
887.629986,-9178.553681,-1702.473667,-1838.629195
887.630307,-8660.409521,-1776.494261,-2528.115143
887.630627,-9178.553681,-2590.720797,-3600.648841
887.630948,-9326.594869,-2960.823768,-3140.991542
887.631269,-9770.718434,-3478.967927,-3140.991542
887.631590,-10362.883188,-3552.988522,-2528.115143
887.631911,-10362.883188,-3034.844362,-2604.724693
887.632231,-11103.089130,-3256.906145,-1455.581446
887.632552,-10955.047942,-2738.761985,-459.657299
887.632873,-11103.089130,-2220.617826,459.657299
887.633194,-9918.759623,-1776.494261,0.000000
887.633514,-9104.533087,-2368.659014,-536.266849
887.633835,-8586.388927,-2442.679609,-536.266849
887.634156,-8290.306550,-2220.617826,-383.047749
887.634477,-8142.265362,-1628.453072,-536.266849
887.634797,-7846.182985,-1702.473667,-995.924147
887.635118,-8364.327145,-1628.453072,-1225.752797
887.635439,-8956.491898,-2146.597232,-1225.752797
887.635760,-10066.800811,-2146.597232,-689.485948
887.636080,-10288.862594,-2812.782580,-995.924147
887.636401,-10510.924376,-2368.659014,-766.095498
887.636722,-10732.986159,-2738.761985,-689.485948
887.637043,-10436.903782,-3182.885551,-1378.971896
887.637363,-9918.759623,-2442.679609,-1378.971896
887.637684,-9178.553681,-2368.659014,-2451.505594
887.638005,-8808.450710,-2516.700203,-2604.724693
887.638326,-8586.388927,-2812.782580,-2604.724693
887.638646,-8808.450710,-3404.947333,-2451.505594
887.638967,-8438.347739,-3701.029710,-1991.848295
887.639288,-9326.594869,-3108.864956,-1378.971896
887.639609,-9400.615463,-3034.844362,-689.485948
887.639930,-9770.718434,-3256.906145,-536.266849
887.640250,-9844.739029,-2368.659014,-536.266849
887.640571,-10214.842000,-2368.659014,-612.876398
887.640892,-9992.780217,-2072.576638,-612.876398
887.641213,-10066.800811,-1998.556043,-919.314598
887.641533,-9844.739029,-2220.617826,-766.095498
887.641854,-10214.842000,-2220.617826,-612.876398
887.642175,-9770.718434,-1924.535449,0.000000
887.642496,-9918.759623,-2368.659014,0.000000
887.642816,-9696.697840,-2220.617826,76.609550
887.643137,-9622.677246,-2146.597232,383.047749
887.643458,-9474.636058,-1480.411884,536.266849
887.643779,-9474.636058,-1036.288319,842.705048
887.644099,-9400.615463,-444.123565,1225.752797
887.644420,-9326.594869,-222.061783,1838.629195
887.644741,-9474.636058,-1036.288319,919.314598
